25 81 594
25 81 516
25 81 552
25 81 540
25 81 570
25 81 522
25 81 588
25 81 546
25 81 564
25 81 594
25 81 588
25 81 516
25 81 558
25 81 570
25 81 534
25 81 564
25 81 552
25 81 582
25 81 540
25 81 528
25 81 540
25 81 558
25 81 534
25 81 540
25 81 540
25 81 630
25 81 522
25 81 546
25 81 534
25 81 528
25 81 528
25 81 510
25 81 552
25 81 564
25 81 546
25 81 564
25 81 540
25 81 576
25 81 552
25 81 570
25 81 534
25 81 552
25 81 534
25 81 600
25 81 540
25 81 564
25 81 540
25 81 594
25 81 522
25 81 558
25 81 558
25 81 516
25 81 546
25 81 582
25 81 546
25 81 534
25 81 558
25 81 570
25 81 546
25 81 552
25 81 600
25 81 558
25 81 564
25 81 594
25 81 522
25 81 618
25 81 576
25 81 558
25 81 534
25 81 528
25 81 534
25 81 570
25 81 540
25 81 534
25 81 540
25 81 528
25 81 540
25 81 540
25 81 528
25 81 534
25 81 534
25 81 528
25 81 540
25 81 546
25 81 564
25 81 552
25 81 570
25 81 552
25 81 558
25 81 528
25 81 564
25 81 552
25 81 540
25 81 546
25 81 558
25 81 552
25 81 570
25 81 576
25 81 540
25 81 516
25 81 552
25 81 540
25 81 528
25 81 582
25 81 570
25 81 522
25 81 552
25 81 576
25 81 564
25 81 552
25 81 564
25 81 534
25 81 552
25 81 528
25 81 522
25 81 576
25 81 546
25 81 564
25 81 522
25 81 546
25 81 564
25 81 540
25 81 540
25 81 540
25 81 564
25 81 540
25 81 528
25 81 588
25 81 546
25 81 552
25 81 576
25 81 534
25 81 612
25 81 552
25 81 534
25 81 534
25 81 522
25 81 552
25 81 600
25 81 528
25 81 540
25 81 546
25 81 558
25 81 600
25 81 558
25 81 570
25 81 570
25 81 564
25 81 528
25 81 558
25 81 516
25 81 594
25 81 546
25 81 570
25 81 546
25 81 516
25 81 564
25 81 552
25 81 552
25 81 546
25 81 552
25 81 576
25 81 552
25 81 582
25 81 528
25 81 564
25 81 552
25 81 534
25 81 600
25 81 570
25 81 528
25 81 522
25 81 528
25 81 546
25 81 546
25 81 534
25 81 540
25 81 570
25 81 528
25 81 534
25 81 552
25 81 528
25 81 522
25 81 534
25 81 552
25 81 570
25 81 534
25 81 552
25 81 540
25 81 558
25 81 546
25 81 570
25 81 522
25 81 570
25 81 570
25 81 558
25 81 570
25 81 552
25 81 546
25 81 570
25 81 546
25 81 546
25 81 540
25 81 516
25 81 570
25 81 540
25 81 588
25 81 552
25 81 588
25 81 540
25 81 564
25 81 564
25 81 540
25 81 564
25 81 594
25 81 576
25 81 570
25 81 552
25 81 582
25 81 570
25 81 546
25 81 516
25 81 600
25 81 522
25 81 552
25 81 558
25 81 510
25 81 582
25 81 546
25 81 546
25 81 534
25 81 570
25 81 570
25 81 564
25 81 558
25 81 558
25 81 546
25 81 558
25 81 516
25 81 546
25 81 540
25 81 510
25 81 540
25 81 534
25 81 522
25 81 534
25 81 558
25 81 570
25 81 534
25 81 540
25 81 558
25 81 552
25 81 588
25 81 552
25 81 570
25 81 570
25 81 558
25 81 552
25 81 546
25 81 558
25 81 600
25 81 552
25 81 552
25 81 576
25 81 522
25 81 558
25 81 594
25 81 558
25 81 570
25 81 546
25 81 558
25 81 624
25 81 582
25 81 534
25 81 594
25 81 570
25 81 528
25 81 552
25 81 546
25 81 534
25 81 588
25 81 546
25 81 528
25 81 528
25 81 522
25 81 522
25 81 564
25 81 564
25 81 552
25 81 546
25 81 600
25 81 582
25 81 576
25 81 564
25 81 546
25 81 552
25 81 546
25 81 534
25 81 564
25 81 558
25 81 552
25 81 558
25 81 534
25 81 528
25 81 546
25 81 522
25 81 528
25 81 534
25 81 534
25 81 546
25 81 564
25 81 546
25 81 516
25 81 528
25 81 528
25 81 528
25 81 546
25 81 510
25 81 594
25 81 516
25 81 510
25 81 552
25 81 534
25 81 534
25 81 564
25 81 516
25 81 558
25 81 510
25 81 564
25 81 588
25 81 582
25 81 558
25 81 534
25 81 576
25 81 546
25 81 534
25 81 546
25 81 606
25 81 522
25 81 570
25 81 546
25 81 504
25 81 534
25 81 522
25 81 558
25 81 558
25 81 552
25 81 540
25 81 570
25 81 564
25 81 546
25 81 528
25 81 600
25 81 540
25 81 558
25 81 558
25 81 558
25 81 528
25 81 576
25 81 546
25 81 576
25 81 528
25 81 540
25 81 534
25 81 540
25 81 558
25 81 546
25 81 582
25 81 546
25 81 564
25 81 582
25 81 576
25 81 552
25 81 558
25 81 552
25 81 552
25 81 552
25 81 624
25 81 558
25 81 552
25 81 534
25 81 546
25 81 588
25 81 582
25 81 570
25 81 564
25 81 552
25 81 546
25 81 534
25 81 576
25 81 516
25 81 570
25 81 546
25 81 546
25 81 552
25 81 552
25 81 588
25 81 558
25 81 528
25 81 600
25 81 546
25 81 516
25 81 534
25 81 582
25 81 528
25 81 576
25 81 522
25 81 528
25 81 540
25 81 552
25 81 528
25 81 552
25 81 558
25 81 528
25 81 528
25 81 540
25 81 534
25 81 522
25 81 528
25 81 522
25 81 534
25 81 564
25 81 540
25 81 534
25 81 576
25 81 552
25 81 558
25 81 546
25 81 516
25 81 558
25 81 534
25 81 558
25 81 534
25 81 582
25 81 552
25 81 576
25 81 534
25 81 600
25 81 540
25 81 582
25 81 546
25 81 558
25 81 618
25 81 540
25 81 582
25 81 534
25 81 552
25 81 570
25 81 576
25 81 558
25 81 552
25 81 552
25 81 564
25 81 534
25 81 498
25 81 540
25 81 534
25 81 546
25 81 510
25 81 540
25 81 546
25 81 576
25 81 552
25 81 588
25 81 534
25 81 528
25 81 582
25 81 528
25 81 606
25 81 522
25 81 546
25 81 570
25 81 534
25 81 546
25 81 582
25 81 552
25 81 552
25 81 534
25 81 570
25 81 528
25 81 564
25 81 564
25 81 570
25 81 528
25 81 570
25 81 510
25 81 570
25 81 558
25 81 510
25 81 600
25 81 534
25 81 540
25 81 558
25 81 582
25 81 540
25 81 534
25 81 528
25 81 540
25 81 534
25 81 606
25 81 552
25 81 534
25 81 564
25 81 540
25 81 540
25 81 558
25 81 564
25 81 546
25 81 606
25 81 576
25 81 522
25 81 534
25 81 552
25 81 552
25 81 546
25 81 522
25 81 576
25 81 540
25 81 558
25 81 540
25 81 564
25 81 528
25 81 540
25 81 576
25 81 588
25 81 528
25 81 552
25 81 552
25 81 582
25 81 552
25 81 552
25 81 540
25 81 558
25 81 546
25 81 570
25 81 516
25 81 570
25 81 546
25 81 534
25 81 558
25 81 570
25 81 582
25 81 516
25 81 522
25 81 576
25 81 534
25 81 576
25 81 612
25 81 582
25 81 546
25 81 540
25 81 552
25 81 540
25 81 552
25 81 498
25 81 552
25 81 576
25 81 534
25 81 540
25 81 504
25 81 576
25 81 552
25 81 546
25 81 546
25 81 552
25 81 558
25 81 552
25 81 534
25 81 564
25 81 552
25 81 528
25 81 558
25 81 522
25 81 534
25 81 546
25 81 558
25 81 540
25 81 522
25 81 552
25 81 528
25 81 540
25 81 558
25 81 564
25 81 534
25 81 558
25 81 606
25 81 582
25 81 528
25 81 576
25 81 522
25 81 540
25 81 546
25 81 564
25 81 594
25 81 564
25 81 540
25 81 534
25 81 582
25 81 552
25 81 546
25 81 570
25 81 570
25 81 516
25 81 594
25 81 564
25 81 534
25 81 528
25 81 558
25 81 558
25 81 570
25 81 570
25 81 546
25 81 588
25 81 558
25 81 606
25 81 564
25 81 570
25 81 522
25 81 582
25 81 528
25 81 552
25 81 522
25 81 528
25 81 576
25 81 564
25 81 570
25 81 522
25 81 594
25 81 576
25 81 522
25 81 558
25 81 558
25 81 558
25 81 594
25 81 534
25 81 594
25 81 552
25 81 540
25 81 558
25 81 552
25 81 552
25 81 546
25 81 588
25 81 540
25 81 552
25 81 552
25 81 588
25 81 558
25 81 516
25 81 570
25 81 564
25 81 564
25 81 516
25 81 546
25 81 552
25 81 516
25 81 534
25 81 546
25 81 564
25 81 522
25 81 546
25 81 558
25 81 552
25 81 540
25 81 564
25 81 552
25 81 564
25 81 546
25 81 528
25 81 534
25 81 558
25 81 582
25 81 534
25 81 504
25 81 576
25 81 558
25 81 546
25 81 528
25 81 522
25 81 558
25 81 534
25 81 588
25 81 510
25 81 540
25 81 582
25 81 564
25 81 522
25 81 546
25 81 552
25 81 576
25 81 546
25 81 624
25 81 540
25 81 570
25 81 582
25 81 546
25 81 588
25 81 546
25 81 540
25 81 552
25 81 576
25 81 498
25 81 540
25 81 558
25 81 540
25 81 558
25 81 606
25 81 564
25 81 534
25 81 546
25 81 558
25 81 582
25 81 600
25 81 534
25 81 546
25 81 522
25 81 570
25 81 570
25 81 546
25 81 552
25 81 564
25 81 546
25 81 546
25 81 540
25 81 546
25 81 558
25 81 558
25 81 558
25 81 540
25 81 546
25 81 534
25 81 534
25 81 546
25 81 558
25 81 546
25 81 516
25 81 546
25 81 534
25 81 510
25 81 552
25 81 552
25 81 534
25 81 546
25 81 570
25 81 552
25 81 558
25 81 552
25 81 576
25 81 552
25 81 540
25 81 588
25 81 564
25 81 576
25 81 546
25 81 534
25 81 534
25 81 558
25 81 600
25 81 540
25 81 558
25 81 534
25 81 576
25 81 564
25 81 564
25 81 540
25 81 576
25 81 558
25 81 528
25 81 582
25 81 516
25 81 552
25 81 546
25 81 570
25 81 546
25 81 570
25 81 522
25 81 522
25 81 522
25 81 522
25 81 576
25 81 558
25 81 540
25 81 564
25 81 522
25 81 570
25 81 534
25 81 522
25 81 558
25 81 558
25 81 552
25 81 570
25 81 546
25 81 552
25 81 558
25 81 570
25 81 576
25 81 540
25 81 546
25 81 552
25 81 588
25 81 540
25 81 516
25 81 528
25 81 570
25 81 510
25 81 564
25 81 564
25 81 564
25 81 522
25 81 522
25 81 570
25 81 558
25 81 516
25 81 582
25 81 558
25 81 576
25 81 570
25 81 570
25 81 540
25 81 564
25 81 540
25 81 546
25 81 552
25 81 540
25 81 576
25 81 510
25 81 570
25 81 564
25 81 576
25 81 582
25 81 594
25 81 564
25 81 528
25 81 546
25 81 570
25 81 558
25 81 546
25 81 576
25 81 546
25 81 498
25 81 558
25 81 564
25 81 552
25 81 558
25 81 528
25 81 600
25 81 552
25 81 540
25 81 558
25 81 510
25 81 564
25 81 564
25 81 552
25 81 588
25 81 564
25 81 534
25 81 522
25 81 552
25 81 528
25 81 558
25 81 522
25 81 546
25 81 558
25 81 588
25 81 564
25 81 528
25 81 552
25 81 540
25 81 564
25 81 552
25 81 546
25 81 552
25 81 582
25 81 552
25 81 588
25 81 546
25 81 510
25 81 606
25 81 510
25 81 522
25 81 528
25 81 534
25 81 558
25 81 522
25 81 534
25 81 528
25 81 546
25 81 510
25 81 600
25 81 528
25 81 522
25 81 540
25 81 492
25 81 552
25 81 540
25 81 534
25 81 570
25 81 528
25 81 546
25 81 546
25 81 552
25 81 564
25 81 588
25 81 498
25 81 540
25 81 570
25 81 522
25 81 546
25 81 606
25 81 534
25 81 528
25 81 534
25 81 588
25 81 540
25 81 558
25 81 540
25 81 564
25 81 594
25 81 564
25 81 558
25 81 552
25 81 576
25 81 528
25 81 552
25 81 564
25 81 540
25 81 522
25 81 570
25 81 510
25 81 624
25 81 546
25 81 504
25 81 534
25 81 534
25 81 522
25 81 564
25 81 564
25 81 588
25 81 606
25 81 546
25 81 570
25 81 540
25 81 534
25 81 546
25 81 552
25 81 588
25 81 534
25 81 522
25 81 564
25 81 570
25 81 540
25 81 576
25 81 558
25 81 540
25 81 540
25 81 516
25 81 534
25 81 564
25 81 564
25 81 546
25 81 564
25 81 546
25 81 546
25 81 564
25 81 540
25 81 540
25 81 564
25 81 570
25 81 570
25 81 576
25 81 546
25 81 540
25 81 540
25 81 582
25 81 528
25 81 570
25 81 600
25 81 534
25 81 558
25 81 564
25 81 522
25 81 540
25 81 534
25 81 552
25 81 540
25 81 552
25 81 582
25 81 540
25 81 552
25 81 522
25 81 552
25 81 504
25 81 564
25 81 552
25 81 540
25 81 528
25 81 546
25 81 546
25 81 546
25 81 576
