45 81 882
45 81 894
45 81 990
45 81 954
45 81 942
45 81 942
45 81 972
45 81 1080
45 81 936
45 81 912
45 81 978
45 81 1038
45 81 978
45 81 954
45 81 900
45 81 912
45 81 936
45 81 936
45 81 1008
45 81 978
45 81 948
45 81 972
45 81 972
45 81 1080
45 81 996
45 81 912
45 81 996
45 81 948
45 81 882
45 81 990
45 81 906
45 81 888
45 81 894
45 81 912
45 81 1002
45 81 960
45 81 972
45 81 876
45 81 954
45 81 990
45 81 942
45 81 978
45 81 1050
45 81 1026
45 81 984
45 81 924
45 81 906
45 81 954
45 81 960
45 81 960
45 81 1032
45 81 906
45 81 942
45 85 1062
45 81 888
45 81 984
45 81 924
45 81 888
45 81 960
45 81 954
45 81 930
45 81 984
45 81 912
45 81 900
45 81 972
45 81 936
45 81 954
45 81 942
45 81 858
45 81 960
45 81 960
45 81 1032
45 81 1002
45 81 912
45 81 948
45 81 1026
45 81 984
45 81 918
45 81 978
45 81 960
45 81 966
45 81 1008
45 81 900
45 81 972
45 81 1002
45 81 1050
45 81 942
45 81 984
45 81 942
45 81 876
45 81 984
45 81 900
45 81 840
45 81 930
45 81 966
45 81 876
45 81 888
45 81 936
45 81 900
45 81 1020
45 81 966
45 81 978
45 81 966
45 81 918
45 81 882
45 81 1014
45 81 966
45 81 966
45 81 948
45 81 1008
45 81 912
45 81 936
45 81 1014
45 81 930
45 81 918
45 81 918
45 81 942
45 81 948
45 81 954
45 81 966
45 81 948
45 81 942
45 81 960
45 81 996
45 81 990
45 81 1026
45 81 1074
45 81 1020
45 81 984
45 81 918
45 81 978
45 81 972
45 81 972
45 81 996
45 81 1014
45 81 1026
45 81 966
45 81 882
45 81 900
45 81 948
45 81 1020
45 81 906
45 81 918
45 81 924
45 81 1068
45 81 900
45 81 1020
45 81 948
45 81 984
45 81 954
45 81 882
45 81 960
45 81 936
45 81 954
45 81 864
45 81 1056
45 81 954
45 81 984
45 81 1056
45 81 876
45 81 894
45 81 984
45 81 972
45 81 924
45 81 984
45 81 960
45 81 924
45 81 930
45 81 984
45 81 930
45 81 1086
45 81 882
45 81 870
45 81 918
45 81 966
45 81 1002
45 81 936
45 81 942
45 81 960
45 81 1008
45 81 924
45 81 930
45 81 942
45 81 948
45 81 1032
45 81 948
45 81 942
45 81 942
45 81 894
45 81 888
45 81 948
45 81 900
45 81 1008
45 81 882
45 81 948
45 81 960
45 81 936
45 81 966
45 81 960
45 81 864
45 81 966
45 81 900
45 81 954
45 81 942
45 81 918
45 81 978
45 81 864
45 90 1188
45 81 978
45 81 882
45 81 918
45 81 900
45 81 954
45 81 912
45 81 978
45 81 936
45 81 930
45 81 1008
45 81 972
45 81 1002
45 81 1014
45 81 1008
45 81 1002
45 81 972
45 81 930
45 81 1032
45 81 1002
45 81 966
45 81 960
45 81 960
45 81 930
45 81 906
45 81 882
45 81 1020
45 81 1020
45 81 1050
45 81 954
45 81 876
45 81 912
45 81 894
45 81 948
45 81 924
45 81 978
45 81 942
45 81 1008
45 81 996
45 81 864
45 81 882
45 95 1218
45 81 954
45 81 966
45 81 1008
45 81 1050
45 81 978
45 81 996
45 81 1074
45 81 972
45 81 942
45 81 948
45 81 984
45 81 906
45 81 948
45 81 954
45 81 990
45 81 966
45 81 912
45 81 978
45 81 972
45 81 1062
45 81 954
45 81 972
45 81 1002
45 81 972
45 81 882
45 81 948
45 81 978
45 81 936
45 81 1062
45 81 1044
45 81 870
45 81 936
45 81 978
45 81 942
45 81 996
45 81 1020
45 81 960
45 81 930
45 81 930
45 81 936
45 81 996
45 81 1026
45 81 948
45 81 942
45 81 984
45 81 954
45 81 1014
45 81 936
45 81 948
45 81 894
45 81 906
45 81 960
45 81 978
45 81 1008
45 81 924
45 81 900
45 81 954
45 81 924
45 81 1020
45 81 990
45 81 960
45 81 972
45 81 984
45 81 990
45 81 936
45 81 954
45 81 954
45 81 960
45 81 948
45 81 894
45 81 942
45 81 1020
45 81 906
45 81 882
45 81 1038
45 81 1026
45 81 1014
45 81 882
45 81 996
45 81 942
45 81 894
45 81 942
45 81 912
45 81 990
45 81 876
45 81 984
45 81 894
45 81 954
45 81 942
45 81 996
45 81 864
45 81 930
45 81 984
45 81 954
45 81 960
45 81 966
45 81 996
45 81 978
45 81 1008
45 81 972
45 81 978
45 81 942
45 88 1092
45 81 960
45 81 936
45 81 960
45 81 978
45 81 936
45 81 960
45 81 1008
45 81 978
45 81 1008
45 81 972
45 81 960
45 81 978
45 81 918
45 81 936
45 81 978
45 81 888
45 81 924
45 81 984
45 81 984
45 81 966
45 81 960
45 81 984
45 81 960
45 81 978
45 81 966
45 81 858
45 81 936
45 81 936
45 81 912
45 81 912
45 81 966
45 81 966
45 81 1098
45 81 1008
45 81 1002
45 81 948
45 81 1002
45 81 1014
45 81 888
45 81 1020
45 81 960
45 81 990
45 81 912
45 81 954
45 81 918
45 81 978
45 81 1044
45 81 990
45 81 996
45 81 960
45 81 1044
45 81 924
45 81 1014
45 81 996
45 81 984
45 81 972
45 81 948
45 81 984
45 81 972
45 81 966
45 81 948
45 81 900
45 81 954
45 81 978
45 81 948
45 81 936
45 81 942
45 81 942
45 81 936
45 81 900
45 81 924
45 81 912
45 81 978
45 81 1014
45 81 942
45 81 930
45 81 1056
45 81 1050
45 81 948
45 81 984
45 86 1134
45 81 1044
45 81 942
45 81 954
45 81 996
45 81 1002
45 81 1020
45 81 978
45 81 996
45 81 924
45 81 954
45 81 942
45 81 972
45 81 918
45 81 990
45 81 972
45 81 990
45 81 966
45 81 906
45 81 984
45 81 1044
45 81 960
45 81 1026
45 81 966
45 81 990
45 81 924
45 81 1026
45 81 900
45 81 882
45 81 894
45 81 924
45 81 1032
45 81 978
45 81 942
45 81 972
45 81 942
45 81 912
45 81 930
45 81 990
45 81 1056
45 81 1002
45 81 1020
45 81 1026
45 81 978
45 81 966
45 81 990
45 81 984
45 81 906
45 81 900
45 81 1020
45 81 996
45 81 1026
45 81 972
45 81 972
45 81 972
45 81 1002
45 81 912
45 81 912
45 81 972
45 81 900
45 81 906
45 81 924
45 81 966
45 81 930
45 81 1062
45 81 978
45 81 936
45 81 1038
45 81 900
45 81 972
45 81 936
45 81 984
45 81 954
45 81 948
45 81 954
45 81 894
45 81 918
45 81 894
45 81 870
45 81 966
45 81 1014
45 81 990
45 81 906
45 81 990
45 81 900
45 81 936
45 81 948
45 81 918
45 81 984
45 81 918
45 81 1038
45 81 918
45 81 948
45 81 978
45 81 900
45 81 1026
45 81 936
45 81 1008
45 81 972
45 81 990
45 81 906
45 81 990
45 81 984
45 81 960
45 81 918
45 81 984
45 81 972
45 81 984
45 81 972
45 81 954
45 81 984
45 81 972
45 81 954
45 81 876
45 81 900
45 81 990
45 81 996
45 81 966
45 81 1002
45 81 972
45 81 942
45 81 942
45 81 918
45 81 1020
45 81 960
45 81 942
45 81 942
45 81 948
45 81 996
45 81 912
45 81 858
45 81 978
45 81 912
45 81 948
45 81 1014
45 81 942
45 81 936
45 81 942
45 81 882
45 81 918
45 81 942
45 81 924
45 81 930
45 81 852
45 81 918
45 81 882
45 81 972
45 81 972
45 81 966
45 81 1008
45 81 948
45 81 960
45 81 960
45 81 996
45 81 912
45 81 954
45 81 900
45 81 1032
45 81 960
45 81 966
45 81 864
45 81 906
45 89 1098
45 81 966
45 81 996
45 81 960
45 81 960
45 81 858
45 81 954
45 81 1008
45 81 1008
45 81 942
45 81 996
45 81 942
45 81 990
45 81 954
45 81 924
45 81 972
45 81 918
45 81 978
45 81 942
45 81 936
45 81 924
45 81 978
45 81 996
45 81 960
45 81 1044
45 81 978
45 81 906
45 81 948
45 81 876
45 81 1044
45 81 882
45 81 930
45 81 912
45 81 978
45 81 1044
45 81 948
45 81 1032
45 81 930
45 81 972
45 81 906
45 81 936
45 81 906
45 81 942
45 81 930
45 81 1026
45 81 906
45 81 924
45 81 1002
45 81 900
45 81 840
45 81 966
45 81 978
45 81 942
45 81 984
45 81 966
45 81 948
45 81 1020
45 81 900
45 81 906
45 81 978
45 81 978
45 81 996
45 81 960
45 81 960
45 81 930
45 81 1038
45 81 978
45 81 1020
45 81 906
45 81 960
45 81 924
45 81 918
45 81 948
45 81 954
45 81 1014
45 81 822
45 81 960
45 81 978
45 81 1062
45 81 912
45 81 966
45 81 966
45 113 1620
45 81 966
45 81 936
45 81 972
45 81 930
45 81 1008
45 81 972
45 81 942
45 81 948
45 81 1110
45 91 1206
45 81 1038
45 81 912
45 81 960
45 81 930
45 81 1008
45 81 1032
45 81 978
45 81 966
45 81 996
45 81 942
45 81 960
45 81 912
45 81 960
45 81 828
45 81 942
45 81 936
45 81 840
45 81 858
45 81 894
45 81 918
45 81 912
45 81 894
45 81 954
45 81 924
45 81 930
45 81 954
45 81 912
45 81 1014
45 81 906
45 81 1002
45 81 978
45 81 984
45 81 966
45 81 1056
45 81 1008
45 81 948
45 81 996
45 81 864
45 81 996
45 81 918
45 81 984
45 81 942
45 81 834
45 81 954
45 81 924
45 81 924
45 81 912
45 81 996
45 81 954
45 81 936
45 81 960
45 81 948
45 81 954
45 81 882
45 81 978
45 81 1002
45 81 990
45 81 930
45 81 870
45 81 900
45 81 1080
45 81 912
45 81 996
45 81 1020
45 81 954
45 81 978
45 81 924
45 81 912
45 81 918
45 81 978
45 81 966
45 81 960
45 81 1056
45 81 1026
45 81 1002
45 81 984
45 81 942
45 81 1014
45 81 894
45 81 942
45 81 1002
45 81 954
45 81 978
45 81 1068
45 81 966
45 81 990
45 81 954
45 81 990
45 81 978
45 81 996
45 81 912
45 81 954
45 81 924
45 81 1020
45 81 1002
45 81 936
45 81 948
45 81 1002
45 81 930
45 81 1014
45 81 936
45 81 1050
45 81 936
45 81 990
45 81 948
45 81 1056
45 81 816
45 81 930
45 81 1002
45 81 1038
45 81 972
45 81 966
45 81 888
45 81 960
45 81 948
45 81 936
45 81 990
45 81 924
45 81 930
45 81 1026
45 81 1062
45 81 912
45 81 900
45 81 948
45 81 900
45 81 894
45 81 930
45 81 1092
45 81 1044
45 81 978
45 81 942
45 81 1008
45 81 918
45 81 1056
45 81 948
45 81 918
45 81 924
45 81 984
45 81 900
45 81 930
45 81 924
45 81 984
45 81 912
45 81 852
45 81 942
45 81 924
45 81 990
45 92 1218
45 81 924
45 81 966
45 81 822
45 81 1026
45 81 1026
45 81 1002
45 81 960
45 81 978
45 81 924
45 81 972
45 81 1056
45 81 1008
45 81 936
45 81 1020
45 81 1050
45 81 894
45 81 888
45 81 978
45 81 960
45 81 948
45 81 912
45 81 936
45 81 1002
45 81 918
45 81 954
45 81 1020
45 81 894
45 88 1176
45 81 996
45 81 1038
45 81 1086
45 81 948
45 81 1002
45 81 900
45 81 966
45 81 954
45 81 918
45 81 984
45 81 954
45 81 954
45 81 1026
45 81 906
45 81 936
45 81 948
45 81 954
45 81 978
45 81 1014
45 81 966
45 81 1026
45 81 948
45 81 1050
45 81 936
45 81 924
45 81 996
45 81 1002
45 81 972
45 81 888
45 81 954
45 81 918
45 81 918
45 81 882
45 81 876
45 81 1002
45 81 864
45 81 1002
45 81 990
45 81 876
45 81 888
45 81 990
45 81 834
45 81 1038
45 81 900
45 81 1044
45 81 948
45 81 966
45 81 912
45 81 924
45 81 1014
45 81 882
45 81 978
45 81 894
45 81 936
45 81 948
45 81 1026
45 81 930
45 81 948
45 88 1122
45 81 930
45 81 882
45 81 972
45 81 1044
45 81 954
45 81 888
45 81 978
45 81 954
45 81 906
45 81 996
45 81 1014
45 81 930
45 81 978
45 81 840
45 81 978
45 81 942
45 81 876
45 81 930
45 81 1002
45 81 918
45 81 966
45 81 960
45 81 960
45 81 894
45 81 960
45 81 912
45 81 894
45 81 870
45 81 1002
45 81 906
45 81 858
45 81 972
45 81 954
45 81 966
45 81 966
45 81 942
45 81 948
45 81 984
45 81 954
45 81 954
45 81 954
45 81 942
45 81 990
45 81 978
45 81 1002
45 81 1056
45 81 1062
45 81 960
45 81 978
45 81 912
45 81 960
45 81 924
45 86 1182
45 81 942
45 81 936
45 81 954
45 81 966
45 81 930
45 81 942
45 81 906
45 81 1002
45 81 942
45 81 876
45 81 984
45 97 1338
45 81 942
45 81 930
45 81 966
45 81 972
45 81 942
45 81 906
45 81 930
45 81 1110
45 81 996
45 81 1002
45 81 912
45 81 942
45 81 924
