55 81 1392
55 141 2970
55 81 1338
55 131 2634
55 81 1398
55 81 1386
55 81 486
55 81 1440
55 81 1398
55 113 2028
55 82 1416
55 118 2088
55 81 1380
55 81 1362
55 81 486
55 81 1392
55 81 1344
55 81 1440
55 104 1818
55 81 1320
55 186 3456
55 81 1380
55 81 1452
55 81 1356
55 108 1914
55 81 1362
55 123 2622
55 124 2616
55 81 1440
55 81 1344
55 249 5574
55 81 1392
55 145 2724
55 123 2202
55 81 1410
55 81 1368
55 81 1422
55 81 1332
55 88 1512
55 121 2382
55 81 1350
55 82 1434
55 90 1572
55 81 1380
55 94 1638
55 117 2322
55 200 4260
55 81 1392
55 81 1344
55 81 1368
55 92 1650
55 81 1284
55 102 1782
55 89 1620
55 81 1386
55 258 5436
55 81 1356
55 81 1362
55 138 2508
55 81 1338
55 81 1374
55 81 1434
55 212 4566
55 81 486
55 88 1494
55 121 2448
55 84 1458
55 81 1422
55 81 1356
55 111 2130
55 81 1296
55 100 1890
55 81 1374
55 81 1362
55 84 1512
55 94 1626
55 81 1302
55 81 1350
55 194 4080
55 81 1290
55 101 1860
55 81 1338
55 82 1428
55 138 2892
55 81 1434
55 101 1866
55 140 2760
55 98 1734
55 81 1332
55 81 1350
55 81 1380
55 81 1374
55 81 1386
55 86 1500
55 158 3132
55 81 1314
55 81 1362
55 81 1380
55 81 1422
55 81 1326
55 94 1638
55 114 2304
55 81 1368
55 81 1332
55 109 2058
55 81 1332
55 88 1494
55 81 1326
55 81 1308
55 81 1416
55 97 1764
55 81 1296
55 81 1356
55 81 1422
55 162 3444
55 203 4566
55 81 1392
55 82 1410
55 81 1398
55 88 1626
55 81 486
55 107 2202
55 81 1350
55 92 1680
55 122 2442
55 81 1422
55 123 2166
55 81 1398
55 81 1416
55 81 1296
55 85 1548
55 81 1350
55 81 1374
55 98 1842
55 81 1416
55 159 3462
55 81 1314
55 81 1356
55 123 2046
55 81 1470
55 81 1386
55 95 1692
55 105 1968
55 121 2244
55 81 1344
55 81 1368
55 81 1404
55 81 1398
55 81 1290
55 81 1404
55 92 1674
55 81 1356
55 129 2460
55 97 1752
55 81 1332
55 104 2106
55 81 1374
55 81 1356
55 152 3510
55 81 1374
55 81 1368
55 81 1326
55 81 1398
55 81 1314
55 81 1434
55 81 1422
55 91 1560
55 81 1440
55 81 1380
55 171 3210
55 200 3648
55 81 1380
55 81 1314
55 104 1926
55 81 1368
55 113 1944
55 112 2046
55 81 1362
55 106 1896
55 108 2010
55 81 486
55 81 1380
55 110 2142
55 81 1338
55 81 1374
55 81 1404
55 86 1584
55 81 1344
55 81 1356
55 97 1686
55 81 486
55 81 1332
55 81 1374
55 81 1308
55 81 1374
55 81 1434
55 81 1302
55 81 1404
55 201 3894
55 81 1380
55 98 1746
55 175 3774
55 81 1404
55 81 1416
55 96 1734
55 81 1404
55 130 2466
55 101 1800
55 81 1392
55 132 2754
55 149 2730
55 81 1386
55 81 1380
55 81 1404
55 122 2388
55 103 1974
55 81 1428
55 81 1374
55 81 1332
55 112 2196
55 111 2202
55 106 2100
55 105 2070
55 81 1272
55 177 3600
55 95 1656
55 81 1272
55 81 1404
55 81 1380
55 115 2166
55 101 1920
55 81 1398
55 152 2796
55 81 1290
55 81 1308
55 81 1386
55 121 2034
55 81 1470
55 81 1392
55 81 1326
55 134 2688
55 81 1446
55 81 1332
55 81 1344
55 81 1326
55 81 1410
55 81 1392
55 91 1668
55 81 1314
55 89 1662
55 81 1284
55 81 1338
55 108 1980
55 81 1404
55 81 1344
55 145 2970
55 145 2904
55 96 1692
55 81 1422
55 81 1404
55 81 1314
55 81 1344
55 91 1554
55 81 1416
55 113 1980
55 92 1548
55 89 1626
55 123 2244
55 81 1398
55 81 1368
55 81 1434
55 81 1374
55 102 1788
55 81 1458
55 97 1710
55 81 1380
55 81 1320
55 127 2646
55 154 3180
55 81 1422
55 81 1410
55 102 2088
55 81 1398
55 88 1458
55 161 3312
55 81 1338
55 104 2130
55 81 1374
55 81 1338
55 81 1308
55 81 1362
55 96 1950
55 108 1980
55 81 1398
55 81 1368
55 100 1896
55 81 1404
55 94 1686
55 122 2466
55 81 1404
55 81 1320
55 81 1326
55 81 1404
55 100 1758
55 81 1416
55 115 2256
55 81 1386
55 122 2238
55 81 1422
55 81 1392
55 81 1416
55 81 1398
55 81 1362
55 81 1338
55 100 1860
55 81 1356
55 144 3300
55 94 1710
55 81 1320
55 81 1434
55 110 1980
55 81 1338
55 103 1770
55 81 1320
55 81 1368
55 81 1422
55 153 3456
55 81 1350
55 81 1374
55 97 1896
55 97 1764
55 81 1368
55 81 1416
55 218 4920
55 81 1350
55 81 1380
55 81 1410
55 81 486
55 127 2616
55 107 2166
55 81 1332
55 81 1446
55 81 1362
55 81 1368
55 81 1416
55 81 1410
55 81 1350
55 81 1278
55 81 1386
55 81 1440
55 81 486
55 117 2346
55 81 1416
55 81 1428
55 81 1392
55 81 1350
55 81 1434
55 96 1698
55 171 3318
55 99 1812
55 81 1362
55 85 1470
55 130 2376
55 81 1434
55 81 1368
55 81 1398
55 81 1380
55 126 2358
55 81 1338
55 81 1254
55 81 1416
55 81 1356
55 81 1308
55 105 1884
55 136 2364
55 81 1344
55 87 1386
55 81 1332
55 81 1326
55 97 1752
55 81 1386
55 124 2388
55 81 1320
55 86 1518
55 81 1404
55 81 1344
55 112 2106
55 93 1710
55 140 2904
55 81 1362
55 81 1368
55 81 1410
55 121 2736
55 251 5652
55 81 1356
55 108 1992
55 95 1752
55 111 2220
55 81 1368
55 91 1722
55 81 1434
55 91 1542
55 81 1362
55 93 1620
55 81 1362
55 180 3576
55 81 1422
55 81 1374
55 109 2028
55 140 2688
55 81 1344
55 187 3804
55 81 1338
55 109 2106
55 100 1836
55 81 1410
55 182 3708
55 145 2616
55 105 2040
55 81 1296
55 81 1368
55 81 1428
55 81 1368
55 81 1398
55 81 1392
55 81 1440
55 115 2112
55 81 1308
55 136 2562
55 81 1440
55 81 1440
55 81 1362
55 99 1842
55 81 1320
55 81 1434
55 81 1374
55 111 1860
55 81 1344
55 81 1332
55 85 1500
55 91 1632
55 81 1422
55 81 1380
55 81 1392
55 81 1290
55 91 1656
55 183 4212
55 97 1680
55 81 1410
55 120 2292
55 81 1458
55 81 1350
55 107 2016
55 81 1476
55 81 1314
55 81 1410
55 81 1416
55 87 1524
55 258 5142
55 169 3444
55 174 4032
55 115 2208
55 103 1872
55 111 2160
55 89 1482
55 81 486
55 81 1404
55 81 1374
55 81 1386
55 81 1362
55 117 1920
55 174 3636
55 81 1368
55 89 1668
55 87 1422
55 81 1308
55 81 1344
55 99 1848
55 81 1452
55 82 1434
55 93 1560
55 81 1356
55 81 1326
55 81 1392
55 117 2394
55 104 2052
55 109 1950
55 81 1380
55 81 1344
55 110 1944
55 81 1380
55 145 3168
55 105 2316
55 105 1800
55 193 4140
55 81 1350
55 111 2160
55 81 1374
55 81 1374
55 81 1380
55 81 1356
55 86 1506
55 87 1524
55 81 1404
55 89 1596
55 93 1602
55 118 2154
55 81 1332
55 81 1320
55 81 1356
55 81 1332
55 81 1416
55 81 1302
55 81 1290
55 93 1602
55 81 1398
55 84 1416
55 81 1404
55 81 1392
55 81 1440
55 174 3690
55 81 1368
55 145 2898
55 81 1362
55 81 1368
55 81 1266
55 168 3600
55 81 1386
55 81 1320
55 91 1494
55 81 1368
55 81 1350
55 81 1368
55 100 1824
55 94 1662
55 127 2412
55 122 2364
55 146 2952
55 120 2304
55 81 1422
55 81 1314
55 81 1314
55 83 1464
55 112 1866
55 81 1368
55 81 486
55 124 2352
55 81 1410
55 81 486
55 99 1824
55 87 1596
55 81 1386
55 90 1506
55 124 2178
55 81 1356
55 107 2010
55 81 1368
55 129 2448
55 81 1356
55 87 1524
55 232 5334
55 93 1626
55 107 1992
55 81 1386
55 225 5106
55 95 1902
55 107 1956
55 119 2340
55 81 1362
55 127 2244
55 81 1392
55 118 2424
55 81 1344
55 81 1440
55 81 1284
55 81 1392
55 81 1398
55 81 1392
55 81 1338
55 81 1314
55 91 1602
55 110 1872
55 155 3252
55 81 1392
55 113 2154
55 81 1320
55 81 1356
55 82 1404
55 97 2034
55 85 1500
55 112 2124
55 81 1452
55 81 1470
55 90 1692
55 81 1374
55 81 1362
55 81 1416
55 81 1380
55 81 1356
55 107 1788
55 81 1368
55 137 2532
55 108 2226
55 96 1680
55 93 1518
55 100 1710
55 81 1380
55 81 1392
55 86 1476
55 107 2250
55 134 2856
55 81 1368
55 81 1422
55 109 1956
55 81 1326
55 84 1566
55 127 2250
55 81 1308
55 81 1392
55 81 1326
55 105 2076
55 81 1314
55 87 1506
55 81 1368
55 92 1704
55 102 2016
55 81 1428
55 92 1704
55 204 4446
55 81 1350
55 81 1302
55 81 1332
55 105 2058
55 85 1566
55 81 1356
55 81 1386
55 111 2082
55 86 1572
55 105 2076
55 81 1314
55 198 4182
55 81 1332
55 81 1440
55 81 1362
55 81 1338
55 221 5604
55 121 2310
55 119 2214
55 81 1374
55 81 1326
55 81 486
55 81 1368
55 81 1446
55 81 1422
55 81 1410
55 81 1350
55 81 1362
55 81 1350
55 90 1638
55 81 1344
55 92 1644
55 81 1404
55 134 2274
55 168 3192
55 98 1824
55 81 1308
55 81 1326
55 102 1884
55 81 1374
55 101 1818
55 81 1380
55 81 1362
55 111 2244
55 81 486
55 81 1380
55 81 1380
55 89 1506
55 139 2964
55 81 1530
55 84 1494
55 251 5562
55 100 1704
55 86 1476
55 81 1374
55 81 1470
55 81 1362
55 104 1890
55 81 1446
55 111 1956
55 93 1488
55 81 1338
55 81 1308
55 179 3852
55 81 1374
55 81 1356
55 88 1578
55 81 1386
55 81 1470
55 81 1332
55 81 1362
55 81 1398
55 91 1572
55 81 1374
55 81 1482
55 111 2130
55 98 1704
55 85 1410
55 195 4092
55 101 1788
55 81 1386
55 98 1962
55 100 1836
55 81 1386
55 81 1422
55 104 2088
55 99 1776
55 120 2262
55 81 1326
55 81 486
55 81 1356
55 108 2046
55 81 1374
55 99 2022
55 102 1812
55 184 3414
55 183 4200
55 81 1338
55 81 1410
55 87 1512
55 81 1350
55 81 1356
55 95 1710
55 81 1410
55 81 1428
55 81 1260
55 81 1440
55 81 1344
55 81 1428
55 127 2562
55 110 1974
55 132 2808
55 127 2922
55 81 1368
55 81 1458
55 81 1440
55 81 1386
55 81 1410
55 81 1368
55 81 1422
55 81 1326
55 105 1950
55 91 1590
55 81 1380
55 81 1320
55 81 1344
55 81 1398
55 81 1362
55 104 1938
55 90 1554
55 81 1320
55 81 1392
55 81 1362
55 81 1332
55 81 1368
55 92 1614
55 81 1308
55 81 1380
55 81 1344
55 81 1368
55 96 1770
55 118 2298
55 81 1380
55 81 1440
55 81 1398
55 81 1404
55 81 1392
55 81 1326
55 81 1476
55 81 1410
55 81 1374
55 99 1752
55 81 1398
55 191 3930
55 86 1476
55 81 1272
55 81 1362
55 81 1398
55 81 1308
55 148 3228
55 115 2142
55 81 1416
55 121 2238
55 82 1416
55 116 2160
55 81 1404
55 81 1320
55 96 1644
55 140 3060
55 81 1320
55 81 1380
55 114 2118
55 117 2124
55 83 1470
55 81 1356
55 491 10164
55 98 1728
55 81 1374
55 81 1338
55 94 1638
55 123 2172
55 81 1404
55 81 486
55 81 1290
55 114 2172
55 81 1380
55 81 1398
55 104 1800
55 81 1410
55 91 1512
55 81 1368
55 81 1356
55 81 1338
55 112 2034
55 81 1416
55 81 1326
55 81 486
55 81 1386
55 401 8322
55 81 486
55 81 1392
55 81 1356
55 95 1722
55 81 1374
55 81 1344
55 146 2892
55 81 1368
55 81 1392
55 171 3840
55 104 1836
55 99 1722
55 81 1308
55 115 2250
55 81 1386
55 81 1362
55 81 1338
55 90 1632
55 81 1440
55 130 2334
55 81 1392
55 81 1410
55 81 1416
55 81 1326
55 81 1404
55 81 1410
55 93 1794
55 81 1362
55 81 1326
55 81 1434
55 81 1392
55 81 1302
55 81 1296
55 100 1728
55 146 2976
55 224 4452
55 103 1944
55 89 1548
55 81 1368
55 81 1428
55 81 486
55 81 1362
55 97 1728
55 103 1812
55 81 1332
55 81 1404
55 106 2040
55 88 1566
55 81 1368
55 154 2868
55 171 3966
55 104 1962
55 81 1428
55 81 1386
55 129 2514
55 131 2340
55 81 1344
55 81 1344
55 81 1380
55 81 1374
55 95 1740
55 81 1272
55 81 1416
55 81 1374
55 157 3318
55 114 1776
55 81 1446
55 81 1386
55 92 1638
55 93 1596
55 81 1392
55 89 1548
55 81 1374
55 106 2010
55 81 1284
55 100 1764
55 153 3120
55 81 1320
55 81 1314
55 85 1530
55 125 2406
55 126 2898
55 110 2184
55 81 1320
55 81 1374
55 221 4140
55 81 1368
55 81 1410
55 81 1386
55 126 2256
55 95 1806
55 115 2292
55 107 2184
55 110 2112
55 81 1356
55 94 1632
55 81 1332
55 120 2304
55 81 1344
55 81 1404
55 81 1374
55 83 1524
55 122 2448
55 81 1422
55 386 9114
55 171 3666
55 81 1374
55 136 2514
55 81 1386
55 136 2916
55 119 2064
55 81 1392
55 99 1722
55 81 1434
55 81 1338
55 109 2034
55 81 1314
55 81 1416
55 98 1668
55 84 1404
55 81 1380
55 81 1440
55 81 1344
55 81 1374
55 109 1842
55 81 486
55 87 1554
55 157 3180
55 81 1440
55 81 1392
55 81 1338
55 113 2016
55 319 7560
55 86 1488
55 118 2424
55 81 1392
55 94 1572
55 81 1416
55 81 1344
55 81 1368
55 81 1410
55 109 2112
55 81 1410
55 81 1380
55 81 1290
55 142 3168
55 81 1374
55 105 1896
55 81 1356
55 81 1422
55 116 2364
55 87 1578
55 234 5214
55 81 1392
55 81 1404
55 105 1980
55 203 4464
55 81 1350
55 151 3594
55 95 1644
55 81 1380
55 81 1368
55 81 1350
55 81 1356
55 104 1860
55 95 1650
55 81 1380
55 81 1458
55 81 1344
55 81 486
55 92 1614
55 81 1338
