48 81 1056
48 81 1008
48 81 1074
48 81 1038
48 81 1086
48 81 1050
48 81 1122
48 81 1110
48 81 1134
48 81 1200
48 81 1080
48 81 1068
48 81 1092
48 81 1140
48 93 1368
48 81 1056
48 81 1032
48 81 1110
48 81 954
48 81 1050
48 81 1074
48 81 1050
48 81 1140
48 81 1020
48 81 1026
48 81 1098
48 81 1116
48 81 1008
48 81 1104
48 81 1062
48 81 1146
48 81 1092
48 81 1098
48 81 1026
48 81 990
48 84 1224
48 81 1080
48 81 1032
48 81 1044
48 81 1110
48 81 948
48 81 1116
48 81 960
48 81 1128
48 81 1080
48 81 1062
48 81 1008
48 81 1068
48 81 996
48 81 1008
48 81 1116
48 81 1002
48 81 1062
48 81 1068
48 81 1080
48 81 1044
48 81 1122
48 81 1086
48 81 1056
48 81 1056
48 81 1122
48 81 1110
48 81 1086
48 81 1056
48 81 1038
48 81 1038
48 81 1164
48 81 1140
48 81 1014
48 81 978
48 81 1140
48 81 1116
48 81 1050
48 81 960
48 81 1050
48 81 990
48 81 1056
48 81 1050
48 81 996
48 81 1068
48 81 1074
48 81 1056
48 81 1080
48 81 1038
48 81 1116
48 81 1164
48 81 1062
48 81 1092
48 81 1068
48 81 1032
48 81 1086
48 81 1020
48 81 1032
48 81 1122
48 81 1134
48 81 1116
48 81 1026
48 81 1056
48 81 996
48 81 1140
48 81 1002
48 81 1032
48 81 1026
48 81 1086
48 81 1032
48 81 1020
48 81 996
48 81 1020
48 81 1008
48 81 1026
48 81 1092
48 81 1092
48 81 1020
48 81 1122
48 81 1068
48 81 1116
48 81 1008
48 81 1038
48 81 1068
48 81 948
48 81 1068
48 81 1008
48 81 1080
48 81 1008
48 81 1044
48 81 1116
48 81 1056
48 81 1032
48 81 1152
48 81 1044
48 81 1026
48 81 1152
48 81 1026
48 81 1104
48 81 1086
48 81 1038
48 81 1086
48 81 1080
48 81 1122
48 81 1098
48 102 1446
48 81 1026
48 81 978
48 81 1122
48 81 1056
48 81 1092
48 81 1098
48 81 1092
48 81 1014
48 81 1068
48 81 1044
48 81 990
48 81 1014
48 81 1092
48 81 1098
48 81 1062
48 81 1056
48 81 1122
48 81 1002
48 88 1290
48 81 1170
48 81 1080
48 81 1104
48 81 1110
48 81 1014
48 81 1068
48 81 1020
48 81 1080
48 81 972
48 81 1014
48 81 990
48 81 1050
48 81 1050
48 81 1050
48 81 1020
48 81 942
48 81 996
48 93 1392
48 81 1074
48 81 1104
48 81 990
48 81 1062
48 81 1044
48 81 1092
48 81 1032
48 81 1164
48 81 1098
48 81 1008
48 81 1098
48 81 1098
48 81 1110
48 81 1152
48 81 1062
48 81 1116
48 81 1062
48 81 1056
48 81 1152
48 81 1098
48 81 1134
48 81 1104
48 81 1020
48 81 1146
48 81 1014
48 81 1074
48 81 1026
48 81 1092
48 81 1068
48 81 1080
48 81 1068
48 81 1056
48 81 1074
48 81 1014
48 81 1020
48 81 1032
48 81 1038
48 81 1122
48 81 1080
48 81 1140
48 81 1038
48 81 1044
48 81 1050
48 81 1038
48 81 1056
48 81 1098
48 81 1086
48 81 1146
48 81 984
48 81 1080
48 81 1182
48 81 1074
48 81 1110
48 81 960
48 81 1098
48 81 1026
48 81 1038
48 81 1032
48 81 1098
48 81 1074
48 81 1146
48 81 1056
48 81 942
48 81 1074
48 81 1236
48 81 1158
48 81 1134
48 81 1062
48 81 1128
48 95 1548
48 81 1074
48 81 1020
48 81 1080
48 81 1086
48 81 1092
48 81 1050
48 81 1044
48 81 1086
48 81 1110
48 81 1020
48 81 1086
48 81 1068
48 81 1026
48 81 1068
48 81 1086
48 81 1014
48 81 1092
48 81 1092
48 81 1050
48 81 1128
48 81 1026
48 81 1098
48 81 1080
48 81 1176
48 81 1152
48 81 1158
48 81 1026
48 81 1056
48 81 1044
48 81 1104
48 81 1146
48 81 1038
48 81 984
48 81 954
48 81 1056
48 81 1056
48 81 1098
48 81 1020
48 81 1014
48 90 1380
48 81 924
48 81 1008
48 81 1056
48 81 1068
48 81 1080
48 81 1140
48 81 1080
48 81 1056
48 81 1092
48 81 1038
48 81 1068
48 81 996
48 81 1098
48 87 1176
48 81 1002
48 81 1056
48 81 1056
48 81 966
48 81 1002
48 81 1062
48 81 1098
48 81 1026
48 81 1158
48 81 1050
48 81 1086
48 81 1122
48 81 1086
48 81 1014
48 81 1074
48 81 1008
48 81 1086
48 111 1782
48 81 1074
48 81 984
48 81 1050
48 81 1008
48 81 1062
48 81 1008
48 81 1080
48 81 1110
48 81 1056
48 81 1080
48 81 1074
48 88 1278
48 81 1056
48 81 1056
48 81 1038
48 81 1056
48 81 1038
48 81 1086
48 81 1128
48 81 1092
48 81 1080
48 81 1080
48 81 1098
48 81 1092
48 81 1080
48 81 1056
48 81 1026
48 81 1008
48 81 1026
48 81 1020
48 81 960
48 81 1086
48 81 1134
48 81 1074
48 81 1098
48 81 1146
48 81 1104
48 81 1134
48 81 1104
48 82 1146
48 81 1068
48 81 1050
48 81 1092
48 81 1008
48 81 1056
48 81 1110
48 81 1092
48 81 1092
48 81 1104
48 81 1026
48 81 1038
48 81 1086
48 91 1374
48 81 1170
48 81 1044
48 81 1080
48 91 1332
48 81 1026
48 81 1062
48 81 1098
48 81 1056
48 81 1146
48 93 1320
48 81 996
48 81 1038
48 104 1476
48 81 1062
48 81 1020
48 81 1032
48 81 1008
48 81 1056
48 81 1140
48 81 1104
48 81 1032
48 81 972
48 81 1008
48 81 1134
48 81 990
48 81 1074
48 81 1008
48 87 1356
48 81 1026
48 81 1014
48 81 1056
48 81 1014
48 81 948
48 81 1038
48 81 1098
48 81 1122
48 81 1038
48 81 1038
48 81 1098
48 81 1104
48 81 1026
48 81 978
48 81 1116
48 81 1104
48 81 1116
48 81 1056
48 87 1158
48 89 1332
48 81 1092
48 81 1032
48 81 1026
48 81 1044
48 81 1086
48 81 1038
48 81 1074
48 81 1062
48 81 1092
48 81 1044
48 81 1086
48 81 1038
48 81 1062
48 81 1044
48 81 1086
48 81 1068
48 95 1308
48 81 1056
48 81 1008
48 81 1014
48 81 1158
48 81 1152
48 81 1098
48 81 1086
48 81 1128
48 81 1128
48 81 1050
48 81 1128
48 81 996
48 81 1140
48 81 996
48 81 1026
48 81 1074
48 81 1098
48 81 1104
48 81 984
48 81 1092
48 81 1104
48 81 1104
48 81 1002
48 81 1026
48 81 1032
48 81 1170
48 81 1128
48 81 1050
48 81 1026
48 81 1116
48 81 984
48 81 1074
48 81 1026
48 81 1110
48 81 1056
48 81 1050
48 81 1068
48 81 1026
48 81 1020
48 81 960
48 81 1116
48 81 1068
48 81 978
48 81 1062
48 81 978
48 81 1140
48 81 1122
48 81 1002
48 81 1008
48 81 1056
48 81 1104
48 81 1074
48 81 1008
48 81 1092
48 81 996
48 81 1056
48 81 1032
48 81 996
48 81 1056
48 81 1122
48 81 1092
48 81 1080
48 81 1146
48 81 1098
48 81 1068
48 81 1014
48 81 1134
48 81 1098
48 81 1068
48 81 1092
48 81 1140
48 81 1086
48 81 1092
48 81 1098
48 81 1140
48 81 1092
48 81 1032
48 81 1104
48 81 1044
48 81 1122
48 81 1014
48 81 1164
48 81 1038
48 81 1008
48 81 1038
48 81 1080
48 81 1074
48 81 1134
48 81 1026
48 81 1056
48 81 1116
48 81 1050
48 81 990
48 81 1056
48 81 1086
48 81 1068
48 81 978
48 81 1050
48 81 1056
48 81 1086
48 81 1056
48 81 1098
48 81 1032
48 81 1110
48 81 1038
48 81 1044
48 81 1062
48 81 1116
48 81 1056
48 81 1152
48 81 1014
48 81 996
48 81 1086
48 81 966
48 89 1260
48 81 1032
48 81 1032
48 81 1074
48 81 1074
48 81 1044
48 81 1092
48 81 1044
48 81 1068
48 81 1074
48 81 1068
48 81 1092
48 81 1116
48 81 1122
48 81 1032
48 81 996
48 81 1086
48 81 1056
48 81 1104
48 81 1074
48 81 1032
48 81 984
48 81 1098
48 92 1410
48 81 1062
48 81 1044
48 81 1014
48 81 1164
48 81 1068
48 81 1056
48 81 1068
48 81 1164
48 81 1080
48 81 1098
48 81 1020
48 81 1092
48 142 2406
48 81 1116
48 81 1086
48 81 1092
48 81 1110
48 81 1032
48 81 1080
48 81 1062
48 81 1092
48 81 1068
48 81 1002
48 81 1092
48 81 1098
48 81 1062
48 81 1068
48 81 1032
48 81 1068
48 81 1020
48 81 1044
48 81 1092
48 81 1140
48 81 1002
48 81 1038
48 81 1014
48 81 1110
48 81 1086
48 81 1086
48 81 1056
48 81 1062
48 81 1038
48 81 1038
48 81 1056
48 81 1020
48 81 1080
48 81 1068
48 81 1020
48 81 1038
48 81 1146
48 81 1074
48 81 1086
48 92 1500
48 90 1308
48 81 1020
48 81 1044
48 81 1032
48 81 1122
48 81 1014
48 81 1140
48 81 1080
48 81 1050
48 81 1116
48 81 1044
48 91 1338
48 81 1038
48 81 1128
48 81 1164
48 81 1116
48 81 1086
48 81 1092
48 82 1116
48 81 1080
48 81 1128
48 81 1128
48 81 1122
48 81 1056
48 81 996
48 81 1038
48 93 1314
48 81 1086
48 81 1062
48 81 1026
48 81 1104
48 81 1128
48 81 1014
48 81 984
48 81 1080
48 81 990
48 81 1104
48 81 1080
48 81 1092
48 81 1116
48 81 1038
48 81 1128
48 81 1104
48 81 1044
48 81 1062
48 81 1104
48 81 1092
48 81 1146
48 81 1032
48 81 1098
48 81 1020
48 81 1116
48 81 1110
48 81 1086
48 81 1086
48 81 1068
48 81 1032
48 81 1068
48 81 1044
48 81 1080
48 81 1014
48 81 1002
48 81 1062
48 81 1056
48 81 1176
48 81 1104
48 81 1182
48 81 990
48 81 1104
48 81 1128
48 81 1110
48 81 1104
48 81 1092
48 81 948
48 81 1020
48 81 1014
48 81 990
48 81 1050
48 81 1044
48 81 1116
48 81 1050
48 92 1332
48 81 1158
48 81 1056
48 81 1032
48 81 1044
48 81 1104
48 81 1056
48 81 1128
48 81 1080
48 81 1104
48 81 1086
48 81 1032
48 81 1122
48 81 1002
48 81 1128
48 81 1050
48 81 1080
48 81 984
48 81 1020
48 81 1056
48 81 1092
48 81 1134
48 81 1086
48 81 1050
48 81 1074
48 81 1002
48 81 1074
48 81 1044
48 81 1110
48 81 1122
48 81 990
48 81 1050
48 81 1050
48 81 1044
48 81 1014
48 81 1056
48 81 1086
48 81 1020
48 81 1014
48 81 1068
48 81 1074
48 81 1002
48 81 1116
48 81 1050
48 81 1068
48 81 1038
48 81 1026
48 81 1074
48 81 1098
48 98 1506
48 81 1050
48 81 1020
48 81 1188
48 81 1122
48 81 1092
48 81 1098
48 81 1140
48 81 1092
48 81 1056
48 81 1098
48 81 1140
48 81 1056
48 81 1002
48 90 1362
48 81 1056
48 81 1038
48 81 1038
48 81 1086
48 81 1008
48 81 1044
48 81 1110
48 84 1212
48 81 1026
48 81 1074
48 81 1044
48 81 1122
48 81 1104
48 108 1770
48 81 1068
48 81 1146
48 81 1146
48 81 1002
48 81 1062
48 81 1116
48 81 1074
48 81 1122
48 81 1116
48 81 1074
48 81 1080
48 81 1104
48 81 1128
48 81 1020
48 81 1146
48 85 1212
48 81 1074
48 81 1074
48 81 1122
48 81 1080
48 102 1596
48 81 1092
48 81 1056
48 81 1164
48 81 996
48 81 1098
48 81 1062
48 81 1062
48 81 1044
48 81 1038
48 81 1092
48 81 1074
48 81 1056
48 81 1080
48 81 1008
48 89 1338
48 81 1044
48 81 1002
48 85 1098
48 81 1044
48 81 1008
48 81 1038
48 81 1044
48 81 1062
48 81 1068
48 81 1104
48 81 1062
48 81 1122
48 81 1038
48 81 1026
48 81 1056
48 81 1044
48 81 1068
48 81 1086
48 81 972
48 81 1152
48 81 1098
48 81 1050
48 81 1026
48 81 1086
48 81 1080
48 81 1008
48 81 1038
48 81 1098
48 81 1056
48 81 1050
48 81 1098
48 81 984
48 81 1026
48 81 1092
48 81 1002
48 81 1056
48 87 1350
48 81 1026
48 81 966
48 81 1116
48 81 1050
48 81 1116
48 81 990
48 81 1020
48 81 1014
48 81 1080
48 81 1044
48 81 1116
48 81 1050
48 81 1140
48 81 1098
48 81 1110
48 81 1044
48 81 1032
48 81 1026
48 81 1062
48 81 1116
48 81 1008
48 81 1092
48 81 1074
48 81 1098
48 81 1062
48 81 1122
48 81 1056
48 81 1032
48 81 1164
48 81 1026
48 81 1056
48 81 1008
48 81 1056
48 81 1104
48 81 1110
48 81 1080
48 81 1080
48 92 1260
48 81 1062
48 81 1092
48 81 1116
48 81 1044
48 81 1044
48 81 1074
48 81 1044
48 81 1164
48 81 1134
48 81 1074
48 81 1002
48 81 966
48 81 1176
48 81 1044
48 81 1032
48 81 1008
48 81 1116
48 81 1098
48 81 1056
48 81 1050
48 81 1044
48 81 1110
48 81 1098
48 89 1158
48 81 996
48 81 1170
48 81 1062
48 81 1074
48 81 990
48 81 1056
48 81 984
48 81 1086
48 81 1008
48 81 1050
48 81 1056
48 81 1110
48 81 1092
48 81 1002
48 81 1068
48 81 1086
48 81 1020
48 81 1062
48 81 1110
48 81 1038
48 81 1038
48 81 1038
48 81 1140
48 81 1068
48 98 1554
48 81 1032
48 81 1068
48 81 1164
48 81 1044
48 81 1080
48 81 1104
48 81 1044
48 81 984
48 81 1002
48 81 1080
48 81 1014
48 81 1080
48 81 1044
48 81 1002
48 81 1020
48 81 1056
48 81 1086
48 81 1026
48 90 1236
48 81 1080
48 81 1080
48 81 1170
48 81 1086
48 81 1092
48 81 1050
48 81 1092
48 81 912
48 81 1104
48 81 1080
48 81 1008
48 81 1068
48 81 1176
48 81 1014
48 81 1152
48 81 996
48 81 1002
48 92 1314
48 81 1128
48 81 1110
48 81 1098
48 81 1104
48 81 1098
48 81 1104
48 81 1110
48 81 1104
48 81 1116
48 81 1020
48 95 1494
48 81 1116
48 81 1092
48 81 1122
48 81 1050
