38 81 726
38 81 714
38 81 720
38 81 732
38 81 684
38 81 756
38 81 720
38 81 804
38 81 762
38 81 768
38 81 744
38 81 756
38 81 822
38 81 720
38 81 786
38 81 810
38 81 768
38 81 774
38 81 714
38 81 750
38 81 774
38 81 690
38 81 804
38 81 672
38 81 750
38 81 798
38 81 768
38 81 702
38 81 828
38 81 798
38 81 792
38 81 750
38 81 774
38 81 750
38 81 798
38 81 774
38 81 726
38 81 780
38 81 702
38 81 810
38 81 756
38 81 774
38 81 822
38 81 804
38 81 756
38 81 756
38 81 738
38 81 738
38 81 756
38 81 768
38 81 810
38 81 726
38 81 864
38 81 708
38 81 762
38 81 762
38 81 738
38 81 762
38 81 714
38 81 762
38 81 726
38 81 798
38 81 756
38 81 714
38 81 738
38 81 786
38 81 768
38 81 756
38 81 768
38 81 762
38 81 792
38 81 702
38 81 798
38 81 786
38 81 738
38 81 768
38 81 816
38 81 726
38 81 720
38 81 750
38 81 684
38 81 762
38 81 792
38 81 732
38 81 792
38 81 744
38 81 756
38 81 708
38 81 732
38 81 678
38 81 720
38 81 822
38 81 762
38 81 732
38 81 792
38 81 714
38 81 744
38 81 732
38 81 858
38 81 858
38 81 756
38 81 774
38 81 744
38 81 732
38 81 756
38 81 726
38 81 828
38 81 726
38 81 798
38 81 690
38 81 696
38 81 738
38 81 780
38 81 876
38 81 774
38 81 684
38 81 720
38 81 750
38 81 738
38 81 690
38 81 762
38 81 774
38 81 702
38 81 798
38 81 756
38 81 714
38 81 738
38 81 798
38 81 762
38 81 816
38 81 714
38 81 756
38 81 756
38 81 744
38 81 780
38 81 774
38 81 816
38 81 720
38 81 774
38 81 720
38 81 732
38 81 672
38 81 714
38 81 732
38 81 870
38 81 714
38 81 750
38 81 732
38 81 864
38 81 690
38 81 720
38 81 792
38 81 732
38 81 726
38 81 858
38 81 714
38 81 774
38 81 708
38 81 750
38 81 780
38 81 750
38 81 702
38 81 696
38 81 684
38 81 696
38 81 780
38 81 672
38 81 714
38 81 756
38 81 708
38 81 768
38 81 792
38 81 750
38 81 690
38 81 732
38 81 792
38 81 720
38 81 756
38 81 726
38 81 732
38 81 828
38 81 738
38 81 732
38 81 750
38 81 744
38 81 786
38 81 726
38 81 762
38 81 750
38 81 798
38 81 774
38 81 852
38 81 888
38 81 756
38 81 738
38 81 756
38 81 780
38 81 714
38 81 696
38 81 822
38 81 804
38 81 750
38 81 756
38 81 744
38 81 732
38 81 816
38 81 828
38 81 684
38 81 786
38 81 648
38 81 780
38 81 726
38 81 708
38 81 780
38 81 750
38 81 702
38 81 786
38 81 810
38 81 732
38 81 696
38 81 762
38 81 684
38 81 744
38 81 750
38 81 738
38 81 738
38 81 684
38 81 732
38 81 708
38 81 732
38 81 786
38 81 756
38 81 780
38 81 798
38 81 738
38 81 786
38 81 714
38 81 804
38 81 768
38 81 744
38 81 810
38 81 750
38 81 690
38 81 708
38 81 804
38 81 774
38 81 702
38 81 792
38 81 786
38 81 792
38 81 858
38 81 744
38 81 750
38 81 762
38 81 738
38 81 714
38 81 750
38 81 792
38 81 750
38 81 744
38 81 798
38 81 720
38 81 750
38 81 720
38 81 798
38 81 708
38 81 774
38 81 810
38 81 774
38 81 762
38 81 696
38 81 750
38 81 804
38 81 732
38 81 768
38 81 756
38 81 714
38 81 774
38 81 738
38 81 756
38 81 720
38 81 864
38 81 738
38 81 804
38 81 690
38 81 774
38 81 738
38 81 684
38 81 816
38 81 762
38 81 774
38 81 726
38 81 726
38 81 774
38 81 756
38 81 774
38 81 816
38 81 822
38 81 690
38 81 744
38 81 768
38 81 678
38 81 738
38 81 768
38 81 732
38 81 786
38 81 708
38 81 726
38 81 810
38 81 678
38 81 768
38 81 792
38 81 750
38 81 684
38 81 726
38 81 792
38 81 732
38 81 714
38 81 720
38 81 762
38 81 792
38 81 702
38 81 714
38 81 762
38 81 768
38 81 732
38 81 684
38 81 762
38 81 810
38 81 792
38 81 762
38 81 774
38 81 750
38 81 768
38 81 768
38 81 744
38 81 792
38 81 762
38 81 702
38 81 756
38 81 762
38 81 726
38 81 804
38 81 846
38 81 768
38 81 726
38 81 780
38 81 690
38 81 762
38 81 786
38 81 720
38 81 732
38 81 726
38 81 720
38 81 852
38 81 714
38 81 738
38 81 744
38 81 828
38 81 756
38 81 726
38 81 714
38 81 768
38 81 768
38 81 768
38 81 666
38 81 756
38 81 768
38 81 726
38 81 768
38 81 750
38 81 720
38 81 708
38 81 726
38 81 756
38 81 894
38 81 846
38 81 702
38 81 756
38 81 708
38 81 828
38 81 732
38 81 690
38 81 684
38 81 738
38 81 756
38 81 834
38 81 768
38 81 750
38 81 762
38 81 786
38 81 786
38 81 714
38 81 768
38 81 732
38 81 714
38 81 792
38 81 738
38 81 714
38 81 804
38 81 750
38 81 720
38 81 744
38 81 756
38 81 780
38 81 720
38 81 786
38 81 726
38 81 774
38 81 672
38 81 744
38 81 810
38 81 750
38 81 720
38 81 762
38 81 750
38 81 738
38 81 768
38 81 720
38 81 720
38 81 768
38 81 744
38 81 762
38 81 672
38 81 702
38 81 720
38 81 726
38 81 726
38 81 780
38 81 762
38 81 750
38 81 792
38 81 714
38 81 804
38 81 714
38 81 642
38 81 720
38 81 750
38 81 696
38 81 750
38 81 744
38 81 780
38 81 786
38 81 774
38 81 744
38 81 732
38 81 750
38 81 696
38 81 780
38 81 810
38 81 816
38 81 708
38 81 774
38 81 720
38 81 702
38 81 720
38 81 678
38 81 744
38 81 774
38 81 768
38 81 750
38 81 714
38 81 756
38 81 738
38 81 708
38 81 768
38 81 702
38 81 732
38 81 744
38 81 786
38 81 750
38 81 798
38 81 720
38 81 804
38 81 762
38 81 774
38 81 774
38 81 834
38 81 714
38 81 744
38 81 852
38 81 792
38 81 756
38 81 708
38 81 816
38 81 804
38 81 762
38 81 726
38 81 804
38 81 732
38 81 750
38 81 774
38 81 774
38 81 750
38 81 708
38 81 786
38 81 810
38 81 798
38 81 804
38 81 744
38 81 738
38 81 780
38 81 684
38 81 804
38 81 738
38 81 822
38 81 768
38 81 744
38 81 744
38 81 750
38 81 744
38 81 720
38 81 750
38 81 732
38 81 744
38 81 798
38 81 732
38 81 786
38 81 732
38 81 732
38 81 744
38 81 762
38 81 732
38 81 702
38 81 714
38 81 870
38 81 810
38 81 744
38 81 762
38 81 750
38 81 738
38 81 738
38 81 726
38 81 708
38 81 756
38 81 762
38 81 744
38 81 678
38 81 738
38 81 696
38 81 696
38 81 750
38 81 780
38 81 732
38 81 768
38 81 822
38 81 786
38 81 774
38 81 696
38 81 744
38 81 720
38 81 732
38 81 780
38 81 768
38 81 666
38 81 738
38 81 810
38 81 804
38 81 816
38 81 810
38 81 750
38 81 672
38 81 732
38 81 762
38 81 696
38 81 702
38 81 684
38 81 684
38 81 792
38 81 816
38 81 786
38 81 762
38 81 690
38 81 780
38 81 786
38 81 768
38 81 804
38 81 768
38 81 744
38 81 696
38 81 738
38 81 732
38 81 780
38 81 762
38 81 714
38 81 792
38 81 762
38 81 732
38 81 756
38 81 726
38 81 798
38 81 750
38 81 708
38 81 714
38 81 780
38 81 804
38 81 666
38 81 780
38 81 720
38 81 780
38 81 786
38 81 774
38 81 738
38 81 810
38 81 756
38 81 792
38 81 840
38 81 828
38 81 726
38 81 678
38 81 714
38 81 744
38 81 726
38 81 786
38 81 738
38 81 792
38 81 780
38 81 726
38 81 732
38 81 678
38 81 816
38 81 744
38 81 792
38 81 786
38 81 726
38 81 738
38 81 780
38 81 774
38 81 762
38 81 732
38 81 774
38 81 762
38 81 768
38 81 714
38 81 732
38 81 780
38 81 738
38 81 696
38 81 732
38 81 750
38 81 822
38 81 702
38 81 738
38 81 768
38 81 744
38 81 762
38 81 720
38 81 750
38 81 732
38 81 738
38 81 852
38 81 810
38 81 750
38 81 750
38 81 726
38 81 714
38 81 816
38 81 846
38 81 750
38 81 714
38 81 816
38 81 768
38 81 768
38 81 744
38 81 708
38 81 702
38 81 744
38 81 786
38 81 798
38 81 696
38 81 846
38 81 762
38 81 696
38 81 726
38 81 702
38 81 702
38 81 804
38 81 768
38 81 690
38 81 726
38 81 726
38 81 762
38 81 684
38 81 720
38 81 720
38 81 714
38 81 882
38 81 804
38 81 708
38 81 708
38 81 726
38 81 708
38 81 702
38 81 762
38 81 750
38 81 750
38 81 828
38 81 738
38 81 786
38 81 774
38 81 804
38 81 732
38 81 768
38 81 804
38 81 768
38 81 690
38 81 744
38 81 696
38 81 756
38 81 696
38 81 720
38 81 798
38 81 672
38 81 708
38 81 864
38 81 684
38 81 738
38 81 708
38 81 684
38 81 678
38 81 768
38 81 804
38 81 726
38 81 756
38 81 804
38 81 708
38 81 732
38 81 792
38 81 726
38 81 822
38 81 756
38 81 690
38 81 804
38 81 726
38 81 690
38 81 720
38 81 762
38 81 804
38 81 828
38 81 768
38 81 768
38 81 780
38 81 804
38 81 774
38 81 720
38 81 708
38 81 720
38 81 786
38 81 792
38 81 750
38 81 750
38 81 690
38 81 780
38 81 714
38 81 792
38 81 708
38 81 768
38 81 702
38 81 756
38 81 786
38 81 774
38 81 720
38 81 648
38 81 792
38 81 708
38 81 798
38 81 768
38 81 828
38 81 816
38 81 780
38 81 672
38 81 720
38 81 798
38 81 756
38 81 756
38 81 726
38 81 756
38 81 786
38 81 756
38 81 708
38 81 834
38 81 780
38 81 744
38 81 786
38 81 726
38 81 750
38 81 828
38 81 780
38 81 774
38 81 714
38 81 756
38 81 756
38 81 720
38 81 726
38 81 774
38 81 714
38 81 756
38 81 720
38 81 744
38 81 726
38 81 708
38 81 768
38 81 744
38 81 756
38 81 720
38 81 708
38 81 798
38 81 744
38 81 714
38 81 714
38 81 798
38 81 786
38 81 762
38 81 720
38 81 714
38 81 750
38 81 804
38 81 714
38 81 720
38 81 804
38 81 762
38 81 720
38 81 744
38 81 786
38 81 756
38 81 780
38 81 726
38 81 756
38 81 804
38 81 708
38 81 726
38 81 714
38 81 708
38 81 702
38 81 744
38 81 726
38 81 774
38 81 798
38 81 762
38 81 696
38 81 804
38 81 762
38 81 702
38 81 672
38 81 744
38 81 732
38 81 714
38 81 738
38 81 756
38 81 702
38 81 756
38 81 714
38 81 840
38 81 792
38 81 726
38 81 756
38 81 714
38 81 732
38 81 774
38 81 726
38 81 822
38 81 726
38 81 732
38 81 690
38 81 792
38 81 798
38 81 720
38 81 732
38 81 756
38 81 846
38 81 756
38 81 780
38 81 744
38 81 774
38 81 696
38 81 738
38 81 756
38 81 714
38 81 720
38 81 732
38 81 708
38 81 744
38 81 762
38 81 798
38 81 708
38 81 822
38 81 738
38 81 756
38 81 786
38 81 654
38 81 720
38 81 750
38 81 732
38 81 690
38 81 756
38 81 696
38 81 780
38 81 738
38 81 732
38 81 744
38 81 732
38 81 714
38 81 774
38 81 804
38 81 732
38 81 732
38 81 792
38 81 792
38 81 702
38 81 732
38 81 768
38 81 762
38 81 726
38 81 750
38 81 762
38 81 768
38 81 792
38 81 744
38 81 792
38 81 750
38 81 738
38 81 744
38 81 660
38 81 666
38 81 786
38 81 726
38 81 798
38 81 780
38 81 756
38 81 750
38 81 762
38 81 762
38 81 720
38 81 792
38 81 762
38 81 750
38 81 696
38 81 750
38 81 738
38 81 756
38 81 774
38 81 702
38 81 762
38 81 798
38 81 828
38 81 768
38 81 714
38 81 816
38 81 774
38 81 810
38 81 792
38 81 750
38 81 678
38 81 720
38 81 762
38 81 816
38 81 810
38 81 684
38 81 708
38 81 750
38 81 768
38 81 738
38 81 774
38 81 702
38 81 714
38 81 738
38 81 744
38 81 792
38 81 744
38 81 726
38 81 720
38 81 684
38 81 732
38 81 792
38 81 732
38 81 768
38 81 762
38 81 792
38 81 708
38 81 720
38 81 732
38 81 792
38 81 810
38 81 786
38 81 762
38 81 750
38 81 810
38 81 750
38 81 654
38 81 738
38 81 750
38 81 732
38 81 756
38 81 774
38 81 804
38 81 702
38 81 780
38 81 774
38 81 744
38 81 762
