43 81 924
43 81 936
43 81 894
43 81 876
43 81 858
43 81 810
43 81 846
43 81 822
43 81 888
43 81 828
43 81 888
43 81 930
43 81 876
43 81 918
43 81 918
43 81 846
43 81 870
43 81 870
43 81 906
43 81 948
43 81 996
43 81 828
43 81 894
43 81 870
43 81 852
43 81 894
43 81 888
43 81 894
43 81 954
43 81 924
43 81 966
43 81 912
43 81 912
43 81 870
43 81 918
43 81 894
43 81 888
43 81 858
43 81 822
43 81 966
43 81 888
43 81 900
43 81 852
43 81 1002
43 81 876
43 81 882
43 81 936
43 81 810
43 81 942
43 81 906
43 81 978
43 81 882
43 81 834
43 81 852
43 81 948
43 81 894
43 81 918
43 81 864
43 81 888
43 81 954
43 81 870
43 81 834
43 81 966
43 81 930
43 81 930
43 81 834
43 81 894
43 81 924
43 81 888
43 81 900
43 81 906
43 81 978
43 81 930
43 81 912
43 81 834
43 81 882
43 81 864
43 81 858
43 81 948
43 81 966
43 81 918
43 81 912
43 81 888
43 81 966
43 81 888
43 81 840
43 81 960
43 81 828
43 81 888
43 81 876
43 81 870
43 81 840
43 81 918
43 81 876
43 81 876
43 81 918
43 81 864
43 81 912
43 81 816
43 81 912
43 81 822
43 81 912
43 81 882
43 81 870
43 81 948
43 81 876
43 81 900
43 81 912
43 81 900
43 81 870
43 81 888
43 81 918
43 81 918
43 81 888
43 81 900
43 81 912
43 81 936
43 81 762
43 81 1008
43 81 972
43 81 882
43 81 906
43 81 972
43 81 864
43 81 864
43 81 948
43 81 924
43 81 900
43 81 936
43 81 954
43 81 900
43 81 906
43 81 858
43 81 882
43 81 912
43 81 900
43 81 888
43 81 1026
43 81 846
43 81 888
43 81 918
43 81 930
43 81 930
43 81 906
43 81 870
43 81 846
43 81 864
43 81 900
43 81 912
43 81 900
43 81 894
43 81 834
43 81 852
43 81 954
43 81 846
43 81 864
43 81 900
43 81 876
43 81 906
43 81 888
43 81 906
43 81 876
43 81 876
43 81 882
43 81 942
43 81 864
43 81 852
43 81 942
43 81 852
43 81 978
43 81 912
43 81 840
43 81 882
43 81 966
43 81 924
43 81 864
43 81 804
43 81 930
43 81 906
43 81 924
43 81 852
43 81 912
43 81 858
43 81 840
43 81 870
43 81 882
43 81 822
43 81 942
43 81 876
43 81 840
43 81 906
43 81 888
43 81 918
43 81 816
43 81 888
43 81 936
43 81 870
43 81 990
43 81 948
43 81 894
43 81 906
43 81 882
43 81 894
43 81 906
43 81 882
43 81 870
43 81 822
43 81 810
43 81 888
43 81 846
43 81 966
43 81 834
43 81 882
43 81 900
43 81 990
43 81 930
43 81 984
43 81 900
43 81 834
43 81 822
43 81 864
43 81 834
43 81 852
43 81 918
43 81 942
43 81 918
43 81 840
43 81 906
43 81 876
43 81 1026
43 81 906
43 81 948
43 81 900
43 81 936
43 81 906
43 81 954
43 81 786
43 81 882
43 81 846
43 81 966
43 81 870
43 81 906
43 81 918
43 81 900
43 81 858
43 81 894
43 81 912
43 81 954
43 81 954
43 81 816
43 81 852
43 81 936
43 81 930
43 81 876
43 81 924
43 81 900
43 81 936
43 81 864
43 81 834
43 81 858
43 81 858
43 81 882
43 81 816
43 81 888
43 81 984
43 81 888
43 81 804
43 81 888
43 81 936
43 81 870
43 81 888
43 81 918
43 81 924
43 81 804
43 81 834
43 81 828
43 81 852
43 81 906
43 81 828
43 81 900
43 81 864
43 81 1050
43 81 864
43 81 834
43 81 882
43 81 840
43 81 822
43 81 870
43 81 924
43 81 906
43 81 828
43 81 954
43 91 1116
43 81 864
43 81 942
43 81 912
43 81 900
43 81 912
43 81 942
43 81 870
43 81 912
43 81 906
43 81 912
43 81 918
43 81 846
43 81 918
43 81 864
43 81 1008
43 81 858
43 81 834
43 81 810
43 81 960
43 81 816
43 81 960
43 81 852
43 81 882
43 81 888
43 81 924
43 81 852
43 81 840
43 81 828
43 81 888
43 81 876
43 81 960
43 81 846
43 81 960
43 81 900
43 81 984
43 81 786
43 81 882
43 81 1002
43 81 864
43 81 918
43 81 906
43 81 930
43 81 930
43 81 780
43 81 888
43 81 924
43 81 918
43 81 876
43 81 882
43 81 828
43 81 966
43 81 906
43 81 888
43 81 858
43 81 840
43 81 906
43 81 912
43 81 894
43 81 882
43 81 948
43 81 876
43 81 936
43 81 948
43 81 930
43 81 1002
43 81 894
43 81 888
43 81 936
43 81 918
43 81 882
43 81 864
43 81 906
43 81 876
43 81 876
43 81 888
43 81 876
43 81 858
43 81 858
43 81 930
43 81 876
43 81 834
43 81 864
43 81 906
43 81 936
43 81 840
43 81 882
43 81 984
43 81 858
43 81 948
43 81 870
43 81 900
43 81 966
43 81 882
43 81 936
43 81 852
43 81 918
43 81 876
43 81 816
43 81 900
43 81 942
43 81 804
43 81 930
43 81 876
43 81 912
43 81 942
43 81 912
43 81 876
43 81 810
43 81 924
43 81 906
43 81 882
43 81 864
43 81 906
43 81 882
43 81 858
43 81 894
43 81 924
43 81 816
43 81 924
43 81 936
43 81 972
43 81 846
43 81 840
43 81 930
43 81 936
43 81 966
43 81 822
43 81 960
43 92 1212
43 81 900
43 81 882
43 81 972
43 81 894
43 81 870
43 81 888
43 81 840
43 81 858
43 81 930
43 81 822
43 81 864
43 81 792
43 81 834
43 81 948
43 81 906
43 81 816
43 81 858
43 81 918
43 81 936
43 81 978
43 81 948
43 81 912
43 81 840
43 81 870
43 81 840
43 81 882
43 81 864
43 81 840
43 81 870
43 81 876
43 81 948
43 81 882
43 81 906
43 81 888
43 81 1002
43 81 906
43 81 882
43 81 918
43 81 966
43 81 846
43 81 804
43 81 960
43 81 912
43 81 936
43 81 876
43 81 870
43 81 924
43 81 900
43 81 870
43 81 924
43 81 930
43 81 798
43 81 858
43 81 882
43 81 834
43 81 924
43 81 876
43 81 924
43 81 888
43 81 852
43 81 864
43 81 870
43 81 864
43 81 768
43 81 906
43 81 840
43 81 906
43 81 942
43 81 966
43 81 888
43 81 876
43 81 894
43 81 888
43 81 888
43 81 894
43 81 966
43 81 888
43 81 792
43 81 966
43 81 930
43 81 828
43 81 858
43 81 876
43 81 870
43 81 876
43 81 966
43 81 906
43 81 864
43 81 882
43 81 936
43 81 972
43 81 918
43 81 930
43 81 846
43 81 942
43 81 942
43 81 960
43 81 912
43 81 864
43 81 846
43 81 864
43 81 882
43 81 888
43 81 864
43 81 924
43 81 912
43 81 756
43 81 816
43 81 918
43 81 930
43 81 948
43 81 894
43 81 900
43 81 930
43 81 972
43 81 888
43 81 876
43 81 972
43 81 822
43 81 864
43 81 876
43 81 852
43 81 894
43 81 972
43 81 852
43 81 942
43 81 924
43 81 912
43 81 912
43 81 912
43 81 978
43 81 870
43 81 894
43 81 846
43 81 852
43 81 966
43 81 1014
43 81 894
43 81 840
43 81 942
43 81 864
43 81 918
43 81 840
43 81 816
43 81 888
43 81 804
43 81 816
43 81 876
43 81 966
43 81 876
43 81 1020
43 81 1026
43 81 912
43 81 906
43 81 888
43 81 912
43 81 918
43 81 924
43 81 840
43 81 936
43 81 966
43 81 828
43 81 942
43 81 858
43 81 840
43 81 864
43 81 882
43 81 948
43 81 936
43 81 882
43 81 906
43 81 774
43 81 852
43 81 882
43 81 816
43 81 846
43 81 870
43 81 948
43 81 888
43 81 900
43 81 810
43 81 930
43 81 846
43 81 888
43 81 882
43 81 870
43 81 852
43 81 924
43 81 834
43 81 864
43 81 840
43 81 888
43 81 864
43 81 918
43 81 900
43 81 894
43 81 810
43 81 882
43 81 894
43 81 888
43 81 858
43 81 834
43 81 858
43 81 894
43 81 918
43 81 888
43 81 882
43 81 900
43 81 858
43 81 930
43 81 894
43 81 924
43 81 906
43 81 828
43 81 870
43 81 900
43 81 924
43 81 900
43 81 930
43 81 912
43 81 948
43 81 918
43 81 858
43 81 840
43 81 858
43 81 948
43 81 852
43 81 966
43 81 906
43 81 852
43 81 876
43 81 978
43 81 876
43 81 852
43 81 858
43 81 828
43 81 996
43 81 918
43 81 954
43 81 840
43 81 936
43 81 846
43 81 954
43 81 924
43 81 876
43 81 828
43 81 948
43 81 936
43 81 894
43 81 870
43 81 936
43 81 822
43 81 804
43 81 900
43 81 966
43 81 894
43 81 888
43 81 924
43 81 924
43 81 882
43 81 918
43 81 912
43 81 864
43 81 858
43 81 918
43 81 858
43 81 882
43 81 882
43 81 858
43 81 906
43 81 822
43 81 816
43 81 876
43 81 900
43 81 882
43 81 864
43 81 1032
43 81 906
43 81 864
43 81 846
43 81 918
43 81 906
43 81 918
43 81 912
43 81 948
43 81 912
43 81 858
43 81 840
43 81 810
43 81 900
43 81 816
43 81 876
43 81 936
43 81 792
43 81 876
43 81 888
43 81 864
43 81 840
43 81 816
43 81 864
43 81 918
43 81 894
43 81 822
43 81 834
43 81 906
43 81 876
43 81 876
43 81 924
43 81 906
43 81 912
43 89 1116
43 81 888
43 81 912
43 81 876
43 81 894
43 81 912
43 81 864
43 81 864
43 81 912
43 81 894
43 81 876
43 81 852
43 81 858
43 81 882
43 81 840
43 81 882
43 81 942
43 81 906
43 81 816
43 81 930
43 81 816
43 81 900
43 81 936
43 81 810
43 81 912
43 81 966
43 81 852
43 81 870
43 81 954
43 81 954
43 81 852
43 81 924
43 81 888
43 81 858
43 81 918
43 81 798
43 81 936
43 81 906
43 81 924
43 81 882
43 81 828
43 81 906
43 81 912
43 81 840
43 81 882
43 81 888
43 81 876
43 81 876
43 81 924
43 81 900
43 81 852
43 81 870
43 81 900
43 81 882
43 81 852
43 81 876
43 81 810
43 81 864
43 81 894
43 81 906
43 81 912
43 81 906
43 81 906
43 81 882
43 81 846
43 81 930
43 81 852
43 81 852
43 81 912
43 81 852
43 81 852
43 81 912
43 81 894
43 81 954
43 81 906
43 81 900
43 81 888
43 81 882
43 81 888
43 81 888
43 81 948
43 81 786
43 81 942
43 81 798
43 81 846
43 81 852
43 81 858
43 81 858
43 81 876
43 81 936
43 81 1002
43 81 888
43 81 798
43 81 780
43 81 888
43 81 924
43 81 942
43 81 894
43 81 930
43 81 834
43 81 834
43 81 936
43 81 846
43 81 972
43 81 960
43 81 942
43 81 918
43 81 912
43 81 870
43 81 942
43 81 900
43 81 876
43 81 906
43 81 930
43 81 816
43 81 1008
43 81 798
43 81 942
43 81 882
43 81 792
43 81 888
43 81 840
43 81 900
43 81 930
43 81 900
43 81 942
43 81 876
43 81 978
43 81 960
43 81 846
43 81 888
43 81 972
43 81 906
43 81 900
43 81 948
43 81 816
43 81 906
43 81 846
43 81 810
43 81 918
43 81 888
43 81 864
43 81 906
43 81 828
43 81 942
43 81 966
43 81 912
43 81 798
43 81 858
43 81 852
43 81 888
43 81 906
43 81 810
43 81 870
43 81 954
43 81 900
43 81 912
43 81 834
43 81 852
43 81 906
43 81 972
43 81 846
43 81 1008
43 81 930
43 81 984
43 81 834
43 81 948
43 81 876
43 81 924
43 81 864
43 81 870
43 81 894
43 81 846
43 81 912
43 81 876
43 81 888
43 81 780
43 81 846
43 81 882
43 81 894
43 81 852
43 81 930
43 81 846
43 81 948
43 81 876
43 81 888
43 81 888
43 81 858
43 81 948
43 81 930
43 81 876
43 81 894
43 81 912
43 81 864
43 81 858
43 81 858
43 81 888
43 81 906
43 81 924
43 81 858
43 81 882
43 81 966
43 81 888
43 81 954
43 81 846
43 81 846
43 81 870
43 81 846
43 81 948
43 81 870
43 81 930
43 81 822
43 81 858
43 81 858
43 81 906
43 81 822
43 81 852
43 81 918
43 81 906
43 81 846
43 81 900
43 81 924
43 81 930
43 81 828
43 81 894
43 81 924
43 81 924
43 81 804
43 81 978
43 81 876
43 81 858
43 81 894
43 81 990
43 81 930
43 81 894
43 81 858
43 81 882
43 81 852
43 81 948
43 81 888
43 81 882
43 81 918
43 81 882
43 81 876
43 81 996
43 81 936
43 81 864
43 81 906
43 81 948
43 81 852
43 81 804
43 81 912
43 81 864
43 81 864
43 81 960
43 81 870
43 81 894
43 81 912
43 81 936
43 81 972
43 81 798
43 81 870
43 81 912
43 81 852
43 81 840
43 81 864
43 81 846
43 81 978
