36 81 744
36 81 714
36 81 732
36 81 708
36 81 726
36 81 726
36 81 762
36 81 744
36 81 714
36 81 708
36 81 696
36 81 750
36 81 642
36 81 732
36 81 696
36 81 678
36 81 762
36 81 690
36 81 708
36 81 762
36 81 672
36 81 714
36 81 648
36 81 684
36 81 780
36 81 702
36 81 684
36 81 678
36 81 636
36 81 726
36 81 738
36 81 696
36 81 720
36 81 726
36 81 690
36 81 720
36 81 720
36 81 666
36 81 648
36 81 702
36 81 768
36 81 744
36 81 732
36 81 636
36 81 672
36 81 780
36 81 720
36 81 696
36 81 798
36 81 690
36 81 660
36 81 714
36 81 726
36 81 714
36 81 738
36 81 762
36 81 678
36 81 708
36 81 666
36 81 792
36 81 750
36 81 684
36 81 768
36 81 702
36 81 792
36 81 708
36 81 738
36 81 678
36 81 696
36 81 762
36 81 666
36 81 672
36 81 780
36 81 738
36 81 684
36 81 726
36 81 678
36 81 768
36 81 654
36 81 756
36 81 762
36 81 696
36 81 666
36 81 786
36 81 732
36 81 708
36 81 660
36 81 702
36 81 708
36 81 708
36 81 744
36 81 792
36 81 678
36 81 768
36 81 786
36 81 702
36 81 702
36 81 684
36 81 726
36 81 762
36 81 726
36 81 696
36 81 636
36 81 678
36 81 792
36 81 762
36 81 732
36 81 684
36 81 738
36 81 714
36 81 690
36 81 690
36 81 738
36 81 750
36 81 684
36 81 660
36 81 738
36 81 702
36 81 696
36 81 780
36 81 660
36 81 720
36 81 738
36 81 708
36 81 810
36 81 678
36 81 738
36 81 762
36 81 678
36 81 678
36 81 720
36 81 762
36 81 786
36 81 714
36 81 750
36 81 714
36 81 750
36 81 780
36 81 768
36 81 660
36 81 666
36 81 732
36 81 678
36 81 810
36 81 666
36 81 702
36 81 762
36 81 696
36 81 714
36 81 708
36 81 732
36 81 762
36 81 732
36 81 684
36 81 708
36 81 750
36 81 726
36 81 756
36 81 708
36 81 726
36 81 684
36 81 732
36 81 750
36 81 666
36 81 738
36 81 684
36 81 678
36 81 648
36 81 666
36 81 720
36 81 732
36 81 684
36 81 744
36 81 756
36 81 738
36 81 726
36 81 744
36 81 732
36 81 720
36 81 684
36 81 720
36 81 732
36 81 660
36 81 684
36 81 726
36 81 714
36 81 696
36 81 678
36 81 720
36 81 732
36 81 636
36 81 696
36 81 702
36 81 720
36 81 714
36 81 702
36 81 744
36 81 684
36 81 636
36 81 690
36 81 720
36 81 678
36 81 696
36 81 690
36 81 714
36 81 732
36 81 696
36 81 666
36 81 672
36 81 726
36 81 708
36 81 654
36 81 654
36 81 732
36 81 708
36 81 660
36 81 696
36 81 720
36 81 762
36 81 696
36 81 792
36 81 774
36 81 660
36 81 726
36 81 696
36 81 732
36 81 732
36 81 744
36 81 648
36 81 720
36 81 696
36 81 702
36 81 660
36 81 726
36 81 786
36 81 756
36 81 672
36 81 660
36 81 708
36 81 720
36 81 750
36 81 684
36 81 756
36 81 720
36 81 732
36 81 744
36 81 708
36 81 744
36 81 690
36 81 702
36 81 708
36 81 792
36 81 696
36 81 666
36 81 678
36 81 690
36 81 780
36 81 744
36 81 690
36 81 732
36 81 666
36 81 726
36 81 660
36 81 714
36 81 684
36 81 666
36 81 666
36 81 684
36 81 726
36 81 690
36 81 738
36 81 738
36 81 738
36 81 696
36 81 666
36 81 732
36 81 744
36 81 660
36 81 786
36 81 660
36 81 702
36 81 708
36 81 690
36 81 702
36 81 696
36 81 666
36 81 684
36 81 660
36 81 672
36 81 774
36 81 750
36 81 660
36 81 750
36 81 696
36 81 696
36 81 702
36 81 708
36 81 738
36 81 786
36 81 732
36 81 726
36 81 714
36 81 726
36 81 678
36 81 696
36 81 720
36 81 732
36 81 666
36 81 690
36 81 702
36 81 732
36 81 672
36 81 666
36 81 768
36 81 672
36 81 684
36 81 702
36 81 642
36 81 702
36 81 738
36 81 762
36 81 660
36 81 768
36 81 774
36 81 660
36 81 702
36 81 654
36 81 696
36 81 720
36 81 672
36 81 750
36 81 690
36 81 684
36 81 660
36 81 774
36 81 798
36 81 738
36 81 726
36 81 708
36 81 714
36 81 756
36 81 702
36 81 690
36 81 702
36 81 732
36 81 678
36 81 702
36 81 732
36 81 636
36 81 804
36 81 726
36 81 816
36 81 714
36 81 744
36 81 768
36 81 654
36 81 732
36 81 642
36 81 696
36 81 738
36 81 708
36 81 822
36 81 732
36 81 696
36 81 702
36 81 672
36 81 696
36 81 702
36 81 678
36 81 642
36 81 684
36 81 750
36 81 660
36 81 654
36 81 678
36 81 720
36 81 720
36 81 672
36 81 672
36 81 720
36 81 726
36 81 702
36 81 756
36 81 702
36 81 726
36 81 690
36 81 798
36 81 714
36 81 684
36 81 756
36 81 708
36 81 750
36 81 774
36 81 714
36 81 762
36 81 684
36 81 714
36 81 630
36 81 672
36 81 678
36 81 750
36 81 756
36 81 732
36 81 702
36 81 726
36 81 666
36 81 666
36 81 756
36 81 654
36 81 702
36 81 702
36 81 672
36 81 720
36 81 756
36 81 684
36 81 726
36 81 738
36 81 672
36 81 678
36 81 750
36 81 708
36 81 762
36 81 708
36 81 780
36 81 696
36 81 648
36 81 684
36 81 786
36 81 732
36 81 684
36 81 738
36 81 726
36 81 672
36 81 756
36 81 666
36 81 702
36 81 660
36 81 738
36 81 720
36 81 756
36 81 672
36 81 660
36 81 630
36 81 768
36 81 666
36 81 654
36 81 714
36 81 714
36 81 708
36 81 756
36 81 672
36 81 696
36 81 726
36 81 750
36 81 720
36 81 690
36 81 702
36 81 660
36 81 732
36 81 720
36 81 786
36 81 672
36 81 762
36 81 738
36 81 714
36 81 690
36 81 744
36 81 690
36 81 696
36 81 696
36 81 720
36 81 750
36 81 828
36 81 744
36 81 732
36 81 714
36 81 642
36 81 708
36 81 738
36 81 696
36 81 702
36 81 690
36 81 762
36 81 636
36 81 684
36 81 702
36 81 720
36 81 792
36 81 750
36 81 696
36 81 780
36 81 744
36 81 738
36 81 678
36 81 738
36 81 738
36 81 738
36 81 756
36 81 732
36 81 756
36 81 654
36 81 684
36 81 696
36 81 672
36 81 690
36 81 702
36 81 702
36 81 636
36 81 726
36 81 672
36 81 708
36 81 702
36 81 696
36 81 672
36 81 726
36 81 648
36 81 714
36 81 726
36 81 768
36 81 738
36 81 666
36 81 738
36 81 726
36 81 714
36 81 726
36 81 744
36 81 732
36 81 738
36 81 660
36 81 690
36 81 738
36 81 720
36 81 654
36 81 720
36 81 672
36 81 684
36 81 762
36 81 666
36 81 756
36 81 690
36 81 672
36 81 714
36 81 660
36 81 684
36 81 714
36 81 762
36 81 714
36 81 714
36 81 720
36 81 726
36 81 762
36 81 672
36 81 600
36 81 714
36 81 660
36 81 666
36 81 702
36 81 720
36 81 684
36 81 690
36 81 684
36 81 624
36 81 720
36 81 678
36 81 744
36 81 738
36 81 708
36 81 732
36 81 702
36 81 744
36 81 642
36 81 720
36 81 720
36 81 708
36 81 720
36 81 684
36 81 702
36 81 720
36 81 696
36 81 732
36 81 696
36 81 684
36 81 756
36 81 666
36 81 666
36 81 684
36 81 696
36 81 702
36 81 690
36 81 684
36 81 738
36 81 678
36 81 702
36 81 678
36 81 768
36 81 720
36 81 684
36 81 774
36 81 726
36 81 690
36 81 702
36 81 654
36 81 726
36 81 804
36 81 738
36 81 744
36 81 660
36 81 684
36 81 744
36 81 702
36 81 750
36 81 696
36 81 660
36 81 702
36 81 762
36 81 684
36 81 720
36 81 720
36 81 756
36 81 678
36 81 726
36 81 792
36 81 642
36 81 714
36 81 678
36 81 648
36 81 738
36 81 726
36 81 798
36 81 696
36 81 786
36 81 708
36 81 732
36 81 678
36 81 702
36 81 720
36 81 714
36 81 636
36 81 714
36 81 768
36 81 780
36 81 654
36 81 732
36 81 720
36 81 714
36 81 702
36 81 720
36 81 720
36 81 792
36 81 666
36 81 774
36 81 660
36 81 708
36 81 666
36 81 738
36 81 810
36 81 660
36 81 684
36 81 702
36 81 720
36 81 690
36 81 750
36 81 726
36 81 684
36 81 756
36 81 726
36 81 708
36 81 774
36 81 702
36 81 690
36 81 690
36 81 714
36 81 678
36 81 696
36 81 750
36 81 672
36 81 708
36 81 726
36 81 744
36 81 666
36 81 672
36 81 738
36 81 708
36 81 756
36 81 726
36 81 684
36 81 684
36 81 690
36 81 696
36 81 666
36 81 750
36 81 756
36 81 726
36 81 708
36 81 666
36 81 786
36 81 684
36 81 696
36 81 768
36 81 744
36 81 750
36 81 732
36 81 690
36 81 744
36 81 720
36 81 672
36 81 714
36 81 702
36 81 708
36 81 792
36 81 690
36 81 690
36 81 720
36 81 786
36 81 726
36 81 690
36 81 672
36 81 690
36 81 684
36 81 666
36 81 666
36 81 678
36 81 738
36 81 744
36 81 780
36 81 714
36 81 732
36 81 828
36 81 768
36 81 744
36 81 714
36 81 660
36 81 678
36 81 708
36 81 714
36 81 720
36 81 690
36 81 786
36 81 678
36 81 690
36 81 702
36 81 702
36 81 744
36 81 720
36 81 636
36 81 744
36 81 762
36 81 702
36 81 720
36 81 720
36 81 726
36 81 738
36 81 678
36 81 768
36 81 726
36 81 714
36 81 684
36 81 612
36 81 660
36 81 720
36 81 798
36 81 774
36 81 720
36 81 744
36 81 702
36 81 702
36 81 720
36 81 732
36 81 702
36 81 720
36 81 750
36 81 762
36 81 738
36 81 750
36 81 738
36 81 720
36 81 714
36 81 738
36 81 738
36 81 744
36 81 726
36 81 732
36 81 714
36 81 756
36 81 654
36 81 798
36 81 708
36 81 708
36 81 684
36 81 648
36 81 684
36 81 762
36 81 744
36 81 738
36 81 690
36 81 678
36 81 738
36 81 696
36 81 726
36 81 726
36 81 786
36 81 780
36 81 666
36 81 708
36 81 696
36 81 762
36 81 696
36 81 774
36 81 684
36 81 660
36 81 714
36 81 732
36 81 666
36 81 708
36 81 708
36 81 690
36 81 720
36 81 738
36 81 732
36 81 702
36 81 648
36 81 654
36 81 732
36 81 654
36 81 684
36 81 708
36 81 708
36 81 750
36 81 630
36 81 678
36 81 684
36 81 696
36 81 708
36 81 732
36 81 720
36 81 768
36 81 696
36 81 660
36 81 714
36 81 708
36 81 690
36 81 672
36 81 726
36 81 750
36 81 726
36 81 690
36 81 684
36 81 786
36 81 786
36 81 720
36 81 744
36 81 666
36 81 702
36 81 678
36 81 690
36 81 750
36 81 684
36 81 696
36 81 696
36 81 714
36 81 726
36 81 720
36 81 726
36 81 678
36 81 684
36 81 750
36 81 708
36 81 702
36 81 678
36 81 678
36 81 684
36 81 720
36 81 642
36 81 672
36 81 654
36 81 666
36 81 648
36 81 672
36 81 678
36 81 738
36 81 696
36 81 690
36 81 702
36 81 726
36 81 744
36 81 714
36 81 696
36 81 702
36 81 774
36 81 762
36 81 690
36 81 696
36 81 726
36 81 678
36 81 816
36 81 738
36 81 690
36 81 726
36 81 678
36 81 654
36 81 762
36 81 756
36 81 714
36 81 654
36 81 672
36 81 744
36 81 690
36 81 702
36 81 642
36 81 726
36 81 660
36 81 726
36 81 654
36 81 720
36 81 678
36 81 738
36 81 756
36 81 756
36 81 654
36 81 690
36 81 738
36 81 648
36 81 666
36 81 726
36 81 720
36 81 732
36 81 750
36 81 696
36 81 702
36 81 696
36 81 708
36 81 714
36 81 738
36 81 672
36 81 660
36 81 810
36 81 654
36 81 684
36 81 702
36 81 702
36 81 666
36 81 750
36 81 666
36 81 654
36 81 678
36 81 696
36 81 684
36 81 726
36 81 756
36 81 714
36 81 732
36 81 756
36 81 696
36 81 708
36 81 690
36 81 744
36 81 714
36 81 720
36 81 642
36 81 744
36 81 744
36 81 726
36 81 696
36 81 720
36 81 750
36 81 684
36 81 720
36 81 666
36 81 684
36 81 678
36 81 678
36 81 696
36 81 678
36 81 696
36 81 660
36 81 702
36 81 708
36 81 678
36 81 660
36 81 738
36 81 678
36 81 732
36 81 726
36 81 708
36 81 702
36 81 750
36 81 708
36 81 678
36 81 714
36 81 774
36 81 738
36 81 756
36 81 654
36 81 702
36 81 696
36 81 756
36 81 696
36 81 756
36 81 702
36 81 732
