33 81 618
33 81 684
33 81 660
33 81 612
33 81 618
33 81 660
33 81 654
33 81 630
33 81 612
33 81 660
33 81 666
33 81 684
33 81 660
33 81 672
33 81 696
33 81 624
33 81 684
33 81 606
33 81 702
33 81 630
33 81 654
33 81 618
33 81 642
33 81 672
33 81 624
33 81 618
33 81 624
33 81 618
33 81 672
33 81 732
33 81 648
33 81 714
33 81 660
33 81 714
33 81 666
33 81 684
33 81 624
33 81 588
33 81 606
33 81 630
33 81 630
33 81 618
33 81 708
33 81 612
33 81 666
33 81 612
33 81 678
33 81 672
33 81 606
33 81 702
33 81 600
33 81 630
33 81 642
33 81 654
33 81 648
33 81 618
33 81 660
33 81 654
33 81 636
33 81 678
33 81 660
33 81 660
33 81 678
33 81 672
33 81 642
33 81 618
33 81 660
33 81 684
33 81 666
33 81 642
33 81 642
33 81 660
33 81 642
33 81 660
33 81 666
33 81 654
33 81 636
33 81 672
33 81 642
33 81 630
33 81 606
33 81 636
33 81 654
33 81 654
33 81 630
33 81 648
33 81 642
33 81 636
33 81 696
33 81 624
33 81 672
33 81 666
33 81 726
33 81 666
33 81 660
33 81 696
33 81 600
33 81 660
33 81 738
33 81 648
33 81 684
33 81 648
33 81 588
33 81 672
33 81 654
33 81 606
33 81 690
33 81 708
33 81 714
33 81 672
33 81 648
33 81 648
33 81 690
33 81 588
33 81 654
33 81 612
33 81 636
33 81 678
33 81 666
33 81 624
33 81 654
33 81 612
33 81 588
33 81 648
33 81 660
33 81 636
33 81 666
33 87 840
33 81 678
33 81 612
33 81 696
33 81 666
33 81 636
33 81 660
33 81 636
33 81 708
33 81 708
33 81 672
33 81 660
33 81 630
33 81 672
33 81 642
33 81 660
33 81 708
33 81 732
33 81 666
33 81 696
33 81 720
33 81 654
33 81 702
33 81 648
33 81 636
33 81 666
33 81 624
33 81 690
33 81 648
33 81 612
33 81 630
33 81 636
33 81 594
33 81 708
33 81 654
33 81 660
33 81 654
33 81 666
33 81 648
33 81 702
33 81 600
33 81 618
33 81 672
33 81 648
33 81 648
33 81 642
33 81 654
33 81 642
33 81 708
33 81 690
33 81 654
33 81 690
33 81 654
33 81 666
33 81 708
33 81 666
33 81 630
33 81 678
33 81 636
33 81 648
33 81 594
33 81 654
33 81 654
33 81 624
33 81 636
33 81 594
33 81 630
33 81 648
33 81 636
33 81 636
33 81 630
33 81 750
33 81 678
33 81 642
33 81 696
33 81 612
33 81 690
33 81 648
33 81 612
33 81 612
33 81 642
33 81 684
33 81 666
33 81 666
33 81 678
33 81 612
33 81 702
33 81 678
33 81 636
33 81 654
33 81 654
33 81 684
33 81 642
33 81 624
33 81 636
33 81 654
33 81 654
33 81 618
33 81 624
33 81 702
33 81 654
33 81 732
33 81 606
33 81 666
33 81 606
33 81 708
33 81 618
33 81 702
33 81 654
33 81 636
33 81 600
33 81 624
33 81 690
33 81 594
33 81 606
33 81 648
33 81 684
33 81 660
33 81 642
33 81 654
33 81 678
33 81 636
33 81 606
33 81 642
33 81 642
33 81 636
33 81 684
33 81 630
33 81 666
33 81 702
33 81 636
33 81 684
33 81 678
33 81 672
33 81 618
33 81 648
33 81 684
33 81 684
33 81 654
33 81 702
33 81 636
33 81 684
33 81 642
33 81 660
33 81 636
33 81 642
33 81 606
33 81 618
33 81 690
33 81 648
33 81 696
33 81 672
33 81 642
33 81 666
33 81 696
33 81 612
33 81 594
33 81 642
33 81 690
33 81 624
33 81 684
33 81 654
33 81 636
33 81 630
33 81 600
33 81 618
33 81 642
33 81 678
33 81 648
33 81 678
33 81 642
33 81 720
33 81 678
33 81 630
33 81 606
33 81 642
33 81 630
33 81 624
33 81 678
33 81 594
33 81 630
33 81 690
33 81 678
33 81 648
33 81 618
33 81 618
33 81 672
33 81 636
33 81 642
33 81 618
33 81 696
33 81 708
33 81 642
33 81 624
33 81 618
33 81 666
33 81 582
33 81 654
33 81 660
33 81 606
33 81 720
33 81 666
33 81 672
33 81 600
33 81 594
33 81 672
33 81 630
33 81 636
33 81 618
33 81 660
33 81 666
33 81 624
33 81 678
33 81 630
33 81 660
33 81 720
33 81 666
33 81 648
33 81 600
33 81 654
33 81 636
33 81 636
33 81 624
33 81 660
33 81 678
33 81 642
33 81 642
33 81 654
33 81 636
33 81 636
33 81 660
33 81 678
33 81 624
33 81 624
33 81 582
33 81 648
33 81 654
33 81 684
33 81 690
33 81 648
33 81 618
33 81 636
33 81 630
33 81 666
33 81 648
33 81 636
33 81 714
33 81 696
33 81 654
33 81 624
33 81 636
33 81 660
33 81 642
33 81 624
33 81 648
33 81 690
33 81 612
33 81 744
33 81 678
33 81 660
33 81 672
33 81 666
33 81 708
33 81 618
33 81 594
33 81 696
33 81 648
33 81 666
33 81 720
33 81 636
33 81 660
33 81 672
33 81 684
33 81 714
33 81 654
33 81 690
33 81 612
33 81 684
33 81 690
33 81 648
33 81 600
33 81 648
33 81 600
33 81 720
33 81 642
33 81 642
33 81 726
33 81 642
33 81 624
33 81 690
33 81 672
33 81 732
33 81 618
33 81 648
33 81 654
33 81 642
33 81 654
33 81 642
33 81 672
33 81 660
33 81 636
33 81 612
33 81 600
33 81 642
33 81 720
33 81 714
33 81 702
33 81 588
33 81 666
33 81 702
33 81 750
33 81 660
33 81 606
33 81 618
33 81 696
33 81 702
33 81 636
33 81 672
33 81 660
33 81 672
33 81 612
33 81 666
33 81 624
33 81 600
33 81 624
33 81 636
33 81 624
33 81 648
33 81 606
33 81 606
33 81 696
33 81 648
33 81 642
33 81 714
33 81 588
33 81 654
33 81 672
33 81 636
33 81 618
33 81 624
33 81 636
33 81 684
33 81 636
33 81 624
33 81 708
33 81 678
33 81 564
33 81 702
33 81 606
33 81 642
33 81 720
33 81 666
33 81 666
33 81 696
33 81 660
33 81 618
33 81 630
33 81 642
33 81 630
33 81 606
33 81 648
33 81 666
33 81 666
33 81 660
33 81 624
33 81 642
33 81 702
33 81 654
33 81 600
33 81 672
33 81 666
33 81 696
33 81 714
33 81 666
33 81 660
33 81 708
33 81 636
33 81 648
33 81 618
33 81 630
33 81 666
33 81 630
33 81 624
33 81 720
33 81 642
33 81 678
33 81 654
33 81 732
33 81 708
33 81 720
33 81 648
33 81 648
33 81 684
33 81 648
33 81 684
33 81 678
33 81 624
33 81 678
33 81 702
33 81 600
33 81 660
33 81 636
33 81 678
33 81 732
33 81 684
33 81 618
33 81 588
33 81 630
33 81 570
33 81 648
33 81 714
33 81 678
33 81 708
33 81 678
33 81 630
33 81 642
33 81 624
33 81 618
33 81 642
33 81 672
33 81 642
33 81 558
33 81 708
33 81 594
33 81 624
33 81 612
33 81 654
33 81 684
33 81 618
33 81 648
33 81 726
33 81 684
33 81 702
33 81 642
33 81 630
33 81 672
33 81 678
33 81 720
33 81 606
33 81 678
33 81 630
33 81 636
33 81 624
33 81 684
33 81 600
33 81 636
33 81 642
33 81 672
33 81 606
33 81 636
33 81 684
33 81 648
33 81 612
33 81 648
33 81 684
33 81 666
33 81 618
33 81 684
33 81 606
33 81 642
33 81 636
33 81 648
33 81 636
33 81 618
33 81 648
33 81 642
33 81 636
33 81 672
33 81 654
33 81 678
33 81 702
33 81 630
33 81 606
33 81 654
33 81 678
33 81 666
33 81 660
33 81 630
33 81 672
33 81 690
33 81 648
33 81 702
33 81 642
33 81 708
33 81 630
33 81 696
33 81 660
33 81 678
33 81 654
33 81 708
33 81 636
33 81 666
33 81 648
33 81 702
33 81 702
33 81 648
33 81 648
33 81 660
33 81 654
33 81 636
33 81 618
33 81 708
33 81 708
33 81 654
33 81 648
33 81 684
33 81 702
33 81 612
33 81 636
33 81 642
33 81 612
33 81 672
33 81 672
33 81 594
33 81 648
33 81 642
33 81 630
33 81 684
33 81 678
33 81 636
33 81 666
33 81 624
33 81 684
33 81 672
33 81 636
33 81 624
33 81 702
33 81 678
33 81 606
33 81 654
33 81 654
33 81 654
33 81 642
33 81 606
33 81 660
33 81 624
33 81 678
33 81 654
33 81 672
33 81 660
33 81 624
33 81 684
33 81 654
33 81 606
33 81 642
33 81 624
33 81 648
33 81 702
33 81 684
33 81 666
33 81 672
33 81 648
33 81 624
33 81 654
33 81 612
33 81 660
33 81 618
33 81 690
33 81 630
33 81 696
33 81 642
33 81 606
33 81 708
33 81 696
33 81 642
33 81 708
33 81 654
33 81 660
33 81 636
33 81 660
33 81 630
33 81 660
33 81 678
33 81 630
33 81 624
33 81 672
33 81 684
33 81 624
33 81 606
33 81 612
33 81 612
33 81 660
33 81 690
33 81 660
33 81 630
33 81 606
33 81 678
33 81 684
33 81 636
33 81 606
33 81 630
33 81 630
33 81 636
33 81 606
33 81 696
33 81 660
33 81 618
33 81 666
33 81 618
33 81 660
33 81 612
33 81 654
33 81 666
33 81 696
33 81 648
33 81 672
33 81 660
33 81 666
33 81 642
33 81 630
33 81 690
33 81 774
33 81 666
33 81 612
33 81 624
33 81 630
33 81 654
33 81 654
33 81 720
33 81 672
33 81 630
33 81 630
33 81 660
33 81 672
33 81 654
33 81 684
33 81 618
33 81 600
33 81 714
33 81 720
33 81 678
33 81 714
33 81 654
33 81 642
33 81 600
33 81 660
33 81 648
33 81 624
33 81 630
33 81 684
33 81 684
33 81 618
33 81 630
33 81 630
33 81 630
33 81 660
33 81 594
33 81 690
33 81 642
33 81 636
33 81 642
33 81 600
33 81 630
33 81 696
33 81 588
33 81 630
33 81 606
33 81 618
33 81 636
33 81 630
33 81 684
33 81 696
33 81 636
33 81 636
33 81 612
33 81 636
33 81 654
33 81 684
33 81 660
33 81 684
33 81 642
33 81 720
33 81 678
33 81 630
33 81 708
33 81 636
33 81 690
33 81 642
33 81 636
33 81 660
33 81 636
33 81 672
33 81 666
33 81 612
33 81 648
33 81 624
33 81 666
33 81 696
33 81 618
33 81 630
33 81 684
33 81 618
33 81 630
33 81 618
33 81 672
33 81 666
33 81 690
33 81 648
33 81 624
33 81 624
33 81 642
33 81 642
33 81 684
33 81 618
33 81 726
33 81 630
33 81 636
33 81 684
33 81 606
33 81 678
33 81 642
33 81 690
33 81 654
33 81 618
33 81 648
33 81 648
33 81 684
33 81 702
33 81 678
33 81 720
33 81 654
33 81 666
33 81 648
33 81 618
33 81 660
33 81 696
33 81 624
33 81 624
33 81 642
33 81 600
33 81 708
33 81 612
33 81 684
33 81 648
33 81 696
33 81 642
33 81 660
33 81 744
33 81 630
33 81 624
33 81 684
33 81 624
33 81 600
33 81 618
33 81 654
33 81 594
33 81 624
33 81 630
33 81 654
33 81 612
33 81 672
33 81 630
33 81 654
33 81 642
33 81 624
33 81 636
33 81 684
33 81 606
33 81 660
33 81 642
33 81 702
33 81 648
33 81 642
33 81 684
33 81 636
33 81 642
33 81 660
33 81 630
33 81 654
33 81 660
33 81 672
33 81 642
33 81 594
33 81 666
33 81 624
33 81 636
33 81 654
33 81 660
33 81 624
33 81 654
33 81 624
33 81 642
33 81 690
33 81 702
33 81 642
33 81 672
33 81 648
33 81 714
33 81 654
33 81 672
33 81 642
33 81 642
33 81 684
33 81 636
33 81 618
33 81 720
33 81 642
33 81 666
33 81 648
33 81 642
33 81 684
33 81 642
33 81 696
33 81 636
33 81 648
33 81 612
33 81 672
33 81 660
33 81 666
33 81 672
33 81 606
33 81 582
33 81 630
33 81 660
33 81 630
33 81 690
33 81 672
33 81 648
33 81 624
33 81 708
33 81 618
33 81 624
33 81 606
33 81 678
33 81 600
33 81 654
33 81 642
33 81 642
33 81 672
33 81 642
33 81 666
33 81 618
33 81 690
33 81 660
33 81 618
33 81 666
33 81 696
33 81 618
33 81 672
33 81 636
33 81 612
33 81 678
33 81 618
33 81 684
33 81 702
33 81 594
33 81 672
33 81 648
33 81 612
33 81 630
33 81 636
33 81 600
33 81 654
33 81 678
33 81 624
33 81 606
33 81 636
33 81 660
33 81 624
33 81 642
33 81 636
33 81 690
33 81 720
33 81 642
33 81 630
33 81 714
33 81 684
33 81 672
33 81 624
33 81 624
33 81 636
33 81 600
33 81 654
