47 81 1050
47 81 1014
47 81 1068
47 81 978
47 81 1032
47 81 1020
47 81 1050
47 81 966
47 93 1350
47 81 1074
47 81 1068
47 81 1104
47 81 1098
47 81 1056
47 81 1044
47 84 1158
47 81 1116
47 81 1074
47 81 1038
47 81 1074
47 86 1194
47 81 1038
47 81 1110
47 81 948
47 81 978
47 81 966
47 81 990
47 81 1050
47 81 1026
47 81 1032
47 81 1068
47 81 1008
47 81 1128
47 81 942
47 81 1110
47 81 1008
47 81 1092
47 81 1128
47 81 1026
47 81 1104
47 81 1062
47 81 1092
47 81 984
47 81 1068
47 81 1020
47 81 1062
47 81 1122
47 81 990
47 81 996
47 81 996
47 81 1014
47 81 1080
47 81 1026
47 81 1032
47 81 936
47 81 1044
47 81 1122
47 81 1050
47 81 960
47 81 1068
47 81 1002
47 87 1176
47 81 1122
47 81 1044
47 81 1056
47 81 1008
47 81 1008
47 81 1062
47 81 1038
47 81 924
47 81 1026
47 81 1044
47 81 1092
47 81 894
47 81 1050
47 81 1098
47 81 1050
47 81 1074
47 81 1038
47 81 996
47 81 1008
47 81 1032
47 81 978
47 81 996
47 81 984
47 81 1044
47 81 996
47 81 1056
47 99 1470
47 81 1008
47 81 984
47 81 1050
47 81 996
47 81 1068
47 81 1134
47 81 984
47 81 1086
47 81 966
47 81 1032
47 81 1032
47 81 1056
47 81 1026
47 81 1032
47 81 984
47 81 1080
47 81 960
47 81 1056
47 81 1110
47 81 924
47 104 1554
47 81 1092
47 81 1134
47 81 1026
47 81 972
47 81 1026
47 81 1134
47 81 918
47 81 1068
47 81 966
47 81 1092
47 81 1050
47 81 1020
47 81 1062
47 81 1050
47 81 918
47 81 1074
47 81 1062
47 81 1062
47 81 1020
47 81 1098
47 81 1032
47 81 1050
47 81 1008
47 81 1062
47 81 912
47 81 984
47 81 1032
47 81 1014
47 81 1050
47 89 1296
47 81 1068
47 81 1002
47 81 942
47 81 900
47 81 1068
47 81 1044
47 81 1032
47 81 1038
47 81 1080
47 81 1074
47 81 954
47 81 1062
47 81 1056
47 81 1008
47 81 1038
47 81 972
47 81 1074
47 81 1014
47 81 990
47 81 990
47 81 996
47 81 1014
47 81 972
47 81 1038
47 81 1014
47 81 1014
47 81 1026
47 81 1086
47 81 1092
47 81 1158
47 81 1044
47 81 996
47 81 1050
47 81 1014
47 81 960
47 81 1062
47 81 1014
47 81 1098
47 81 1038
47 81 1074
47 81 1020
47 81 1062
47 81 990
47 81 936
47 81 972
47 81 1068
47 81 1050
47 81 1020
47 81 1032
47 81 1104
47 81 1050
47 81 1050
47 81 1074
47 81 1026
47 81 1038
47 81 906
47 81 1026
47 81 1002
47 81 1080
47 81 1116
47 81 1026
47 81 1068
47 81 978
47 81 1020
47 81 948
47 81 984
47 81 966
47 81 978
47 81 1008
47 81 1044
47 142 2334
47 81 1020
47 81 1062
47 81 972
47 81 996
47 81 1038
47 81 1092
47 137 2088
47 81 1020
47 81 1044
47 81 1050
47 81 1032
47 81 1014
47 81 996
47 97 1332
47 81 1128
47 81 990
47 81 966
47 81 1026
47 81 954
47 81 1008
47 81 1068
47 81 1038
47 81 1032
47 81 1050
47 81 1062
47 112 1824
47 81 1026
47 81 1134
47 81 972
47 81 972
47 81 978
47 81 1068
47 81 1044
47 81 1020
47 95 1362
47 81 1002
47 81 972
47 81 1074
47 81 1050
47 81 984
47 81 942
47 81 1128
47 81 1020
47 81 972
47 81 1038
47 81 1098
47 81 1044
47 81 1044
47 81 1038
47 81 1020
47 81 1002
47 81 1080
47 81 972
47 81 1068
47 81 1104
47 81 1020
47 81 1002
47 81 1080
47 81 1014
47 81 1110
47 81 978
47 81 1026
47 81 1056
47 81 990
47 81 972
47 81 1086
47 81 1062
47 81 972
47 81 984
47 81 1002
47 81 1044
47 81 1062
47 81 1038
47 81 1050
47 81 936
47 81 978
47 81 996
47 81 1032
47 81 996
47 81 1002
47 81 1038
47 81 1098
47 81 1050
47 81 1020
47 81 990
47 81 990
47 81 1020
47 81 1044
47 81 1062
47 81 936
47 81 996
47 81 1080
47 81 1050
47 81 972
47 81 1140
47 81 1044
47 81 1074
47 81 1002
47 81 1044
47 81 1026
47 81 966
47 81 1026
47 81 972
47 81 1080
47 81 948
47 81 936
47 97 1452
47 81 1032
47 81 1002
47 81 1014
47 81 1026
47 81 1062
47 81 960
47 81 1032
47 81 1074
47 81 1038
47 81 1062
47 81 1074
47 81 1014
47 81 1062
47 81 996
47 81 1134
47 81 924
47 81 1026
47 81 984
47 81 930
47 81 1002
47 81 978
47 81 1014
47 81 1044
47 81 990
47 81 936
47 81 1038
47 81 1062
47 81 1098
47 81 1020
47 81 1056
47 81 948
47 81 1032
47 81 1014
47 81 990
47 81 1020
47 81 1020
47 81 1020
47 81 996
47 81 1026
47 81 1008
47 81 1068
47 81 1014
47 81 984
47 81 1110
47 81 1002
47 81 1092
47 81 1038
47 85 1158
47 81 1014
47 81 996
47 81 918
47 81 1008
47 81 954
47 81 1032
47 81 978
47 81 1068
47 81 966
47 81 1056
47 81 1050
47 81 984
47 81 996
47 81 990
47 81 1026
47 81 1038
47 81 1014
47 81 1092
47 81 1014
47 81 1050
47 81 1044
47 81 1020
47 81 1038
47 81 1068
47 81 996
47 81 1002
47 81 1050
47 81 1068
47 81 1020
47 81 978
47 81 1026
47 81 1050
47 81 1062
47 81 1008
47 81 1026
47 81 972
47 81 1074
47 81 1056
47 81 954
47 81 1014
47 81 1032
47 81 1050
47 81 1002
47 88 1254
47 81 1062
47 81 996
47 81 1008
47 81 978
47 81 1146
47 81 996
47 81 1074
47 81 1002
47 81 1110
47 81 978
47 81 1014
47 81 996
47 81 1026
47 81 1038
47 81 996
47 81 1062
47 81 1050
47 81 1020
47 81 1062
47 81 1104
47 81 1002
47 81 942
47 81 1032
47 81 1038
47 81 1014
47 81 984
47 81 1008
47 81 1068
47 81 1086
47 81 1008
47 81 1008
47 81 1128
47 81 1032
47 81 1008
47 81 1050
47 81 1026
47 81 1032
47 81 978
47 81 966
47 81 1026
47 81 1032
47 81 1026
47 81 1026
47 81 1038
47 81 1026
47 81 984
47 81 1080
47 81 1014
47 81 978
47 81 984
47 81 996
47 81 1002
47 81 1086
47 81 1026
47 81 1044
47 81 1128
47 81 1026
47 81 1068
47 81 978
47 81 1026
47 81 1068
47 81 1098
47 81 1044
47 81 1098
47 81 1056
47 81 1020
47 81 972
47 81 1014
47 81 1050
47 81 1170
47 81 1092
47 81 954
47 81 1044
47 81 1074
47 81 1062
47 81 1050
47 81 1014
47 81 1050
47 81 978
47 81 1104
47 81 1050
47 81 1062
47 81 1020
47 81 1026
47 81 1086
47 81 1104
47 81 1068
47 81 1044
47 81 1050
47 86 1152
47 81 1062
47 81 984
47 81 1044
47 81 1014
47 81 996
47 81 972
47 81 1056
47 81 1062
47 81 1020
47 81 1056
47 81 1038
47 81 1050
47 81 1074
47 81 960
47 81 1050
47 81 1068
47 81 1080
47 81 990
47 81 930
47 81 996
47 81 1056
47 81 1050
47 81 1074
47 81 1014
47 81 984
47 81 1008
47 81 1134
47 81 1050
47 81 1110
47 81 1056
47 81 942
47 81 966
47 81 930
47 81 1032
47 81 1014
47 81 1074
47 81 1044
47 81 1092
47 81 1020
47 81 1062
47 81 1038
47 81 996
47 81 1104
47 81 960
47 81 1014
47 81 1092
47 81 1068
47 81 1026
47 81 954
47 81 990
47 81 1026
47 81 1032
47 81 1014
47 81 948
47 81 990
47 81 996
47 81 1014
47 81 1002
47 81 1098
47 81 1056
47 81 1014
47 81 1044
47 81 996
47 81 1050
47 81 1002
47 81 1002
47 81 1038
47 81 1044
47 81 1020
47 81 1110
47 81 1092
47 81 1050
47 81 1044
47 81 1098
47 81 900
47 81 1068
47 81 1020
47 81 930
47 88 1122
47 81 1026
47 81 1032
47 81 990
47 81 954
47 81 1014
47 81 972
47 81 882
47 81 1080
47 81 1080
47 81 1032
47 81 1014
47 81 1068
47 81 966
47 81 1062
47 81 1008
47 140 2466
47 81 1038
47 81 1158
47 81 1122
47 81 1008
47 81 1014
47 81 1026
47 113 1896
47 81 1020
47 81 1092
47 81 990
47 81 1068
47 81 1008
47 81 996
47 81 1080
47 81 1044
47 81 1050
47 81 1074
47 81 978
47 81 1038
47 81 1056
47 81 1050
47 81 888
47 81 978
47 81 1062
47 81 984
47 81 930
47 81 1074
47 81 1050
47 81 1080
47 81 1044
47 81 1008
47 81 1026
47 81 1062
47 81 1026
47 81 960
47 81 1008
47 81 1038
47 81 1056
47 81 960
47 81 1044
47 81 990
47 85 1176
47 81 1002
47 81 1080
47 81 1014
47 81 1020
47 81 1008
47 81 1002
47 81 1044
47 81 1014
47 81 1080
47 81 1050
47 81 996
47 81 1068
47 81 990
47 81 1050
47 81 966
47 81 1032
47 81 1074
47 81 1020
47 81 1020
47 81 1098
47 81 1074
47 81 1092
47 81 1068
47 81 1104
47 81 1032
47 81 1068
47 81 1032
47 81 960
47 81 1074
47 81 1008
47 81 978
47 81 996
47 81 972
47 81 1128
47 81 1080
47 81 1080
47 81 1044
47 81 918
47 81 1098
47 81 1050
47 81 918
47 81 1026
47 81 990
47 81 1074
47 81 984
47 81 972
47 81 1002
47 81 900
47 81 1116
47 81 1116
47 81 1008
47 81 942
47 81 972
47 81 1044
47 81 1110
47 81 996
47 81 1026
47 81 1092
47 81 1056
47 81 1020
47 103 1494
47 81 906
47 81 1008
47 81 1008
47 81 984
47 81 960
47 81 1032
47 81 1020
47 81 978
47 81 1074
47 81 984
47 81 984
47 81 1020
47 81 1020
47 81 990
47 81 1032
47 81 978
47 81 1014
47 81 1002
47 81 1014
47 81 984
47 81 1026
47 81 1038
47 81 1038
47 81 930
47 81 1056
47 81 1002
47 81 1098
47 81 1002
47 81 1068
47 81 996
47 81 1098
47 81 1092
47 81 1044
47 81 972
47 81 1050
47 81 966
47 81 1050
47 81 1044
47 81 1008
47 81 978
47 81 1032
47 81 1044
47 81 906
47 81 1056
47 81 1062
47 81 1104
47 81 978
47 81 984
47 81 1032
47 81 990
47 81 990
47 81 1014
47 87 1284
47 81 1026
47 81 1050
47 81 1152
47 81 978
47 81 1038
47 81 1032
47 81 978
47 81 972
47 81 1086
47 81 960
47 81 1008
47 81 1008
47 81 1044
47 81 1026
47 81 990
47 81 1014
47 81 996
47 81 1080
47 81 1026
47 81 990
47 81 1038
47 81 924
47 81 1014
47 97 1392
47 81 960
47 81 1050
47 86 1224
47 81 1044
47 81 1008
47 81 1032
47 81 1044
47 81 1044
47 81 1026
47 81 1098
47 81 996
47 81 978
47 81 1038
47 81 1002
47 81 1050
47 81 1110
47 81 972
47 81 1068
47 81 1086
47 81 1098
47 81 936
47 81 1104
47 87 1242
47 81 1080
47 81 1080
47 81 1020
47 81 1056
47 81 1008
47 81 966
47 81 966
47 81 984
47 81 954
47 81 1014
47 81 1068
47 81 1008
47 90 1158
47 81 1038
47 81 1140
47 81 1068
47 81 966
47 81 1038
47 81 1002
47 81 1014
47 81 996
47 81 1020
47 81 1038
47 81 1014
47 81 1044
47 81 1074
47 81 1080
47 81 1026
47 81 1014
47 81 954
47 81 1044
47 81 990
47 81 1038
47 81 930
47 81 1140
47 81 1074
47 81 972
47 81 1068
47 81 1008
47 81 984
47 81 1020
47 81 1044
47 81 1020
47 81 1008
47 81 1002
47 81 1008
47 81 984
47 81 1026
47 81 990
47 81 1062
47 81 1008
47 81 990
47 81 1134
47 81 1062
47 81 1038
47 81 1014
47 81 1026
47 81 1026
47 81 1026
47 92 1434
47 81 978
47 81 1050
47 81 960
47 81 1014
47 81 1044
47 81 966
47 81 1122
47 81 1074
47 81 1032
47 81 1050
47 81 1074
47 81 1062
47 81 960
47 81 1068
47 81 1014
47 81 1062
47 81 1056
47 81 1062
47 81 1068
47 81 1050
47 81 1044
47 81 1038
47 81 1020
47 81 1008
47 81 1134
47 81 1056
47 81 1008
47 81 1104
47 81 948
47 81 900
47 81 1074
47 81 1008
47 81 996
47 81 1044
47 81 990
47 81 1020
47 81 1026
47 81 1074
47 81 1080
47 81 1002
47 81 1032
47 81 1014
47 81 1080
47 81 1044
47 81 1044
47 81 996
47 81 1086
47 81 1026
47 81 1050
47 81 1014
47 81 1056
47 81 1098
47 81 1032
47 81 978
47 81 1104
47 81 942
47 81 924
47 81 1044
47 81 1062
47 81 1020
47 81 1020
47 81 1128
47 81 1116
47 81 1110
47 81 1002
47 81 954
47 81 1038
47 81 1044
47 81 978
47 81 1068
47 81 984
47 81 1062
47 81 1086
47 81 1002
47 81 972
47 81 1038
47 81 1068
47 81 1014
47 81 1074
47 81 1032
47 81 948
47 81 936
47 81 1122
47 81 1056
47 81 984
47 81 930
47 81 1044
47 81 990
47 81 996
47 81 1038
47 81 1002
47 81 1062
47 81 1038
47 81 984
47 81 1032
47 81 1044
47 81 1050
47 81 996
47 81 1068
47 81 1086
47 81 1002
47 81 1056
47 81 990
47 81 1002
47 81 984
47 81 996
47 81 1080
47 87 1128
47 81 1044
47 81 960
47 81 1008
47 81 984
47 81 1002
47 81 996
47 81 1008
47 81 1020
47 81 1104
47 81 1116
47 81 1050
47 81 1086
47 81 1038
47 81 996
47 81 1104
47 81 1032
47 81 1014
47 81 990
47 81 1062
47 81 996
47 81 1080
47 81 1056
47 81 1098
47 81 1068
47 81 1032
47 81 1056
47 81 1050
47 81 1014
47 81 1038
47 81 1092
47 81 1020
47 81 1056
47 81 1086
47 81 1014
