50 81 1128
50 81 1164
50 81 1104
50 81 1062
50 81 1146
50 81 1170
50 81 1122
50 81 1188
50 81 1224
50 81 1122
50 81 1128
50 81 1158
50 81 1122
50 84 1314
50 81 1104
50 81 1122
50 81 1086
50 81 1128
50 81 1110
50 81 1176
50 81 1134
50 81 1128
50 81 1212
50 81 1152
50 81 1182
50 81 1170
50 81 1140
50 81 1254
50 81 1182
50 81 1164
50 88 1410
50 81 1152
50 81 1164
50 81 1146
50 102 1692
50 81 1092
50 81 1098
50 81 1140
50 95 1446
50 81 1194
50 81 1188
50 81 1134
50 90 1260
50 81 1128
50 81 1200
50 81 1224
50 81 1170
50 81 1128
50 81 1170
50 81 1212
50 81 1110
50 81 1140
50 81 1248
50 81 1206
50 81 1134
50 118 2094
50 81 1206
50 81 1188
50 81 1104
50 86 1272
50 81 1098
50 91 1476
50 81 1158
50 81 1188
50 81 1116
50 81 1182
50 81 1230
50 81 1158
50 81 1146
50 98 1530
50 81 1056
50 81 1104
50 81 1140
50 100 1506
50 81 1092
50 101 1590
50 81 1122
50 81 1128
50 81 1194
50 81 1146
50 92 1356
50 81 1140
50 81 1092
50 81 1128
50 81 1176
50 81 1164
50 94 1410
50 81 1098
50 81 1116
50 81 1116
50 87 1242
50 81 1152
50 81 1188
50 81 1212
50 81 1122
50 81 1188
50 81 1056
50 81 1098
50 81 1224
50 81 1086
50 81 1116
50 81 1170
50 81 1122
50 81 1164
50 81 1146
50 81 1104
50 81 1194
50 81 1188
50 81 1128
50 81 1158
50 81 1152
50 81 1206
50 81 1134
50 81 1134
50 81 1086
50 113 1812
50 81 1158
50 81 1164
50 90 1368
50 81 1140
50 81 1086
50 81 1158
50 81 1176
50 81 1176
50 81 1104
50 81 1146
50 81 1134
50 81 1134
50 81 1122
50 81 1158
50 81 1170
50 81 1122
50 81 1098
50 81 1140
50 113 1872
50 95 1518
50 81 1158
50 91 1404
50 81 1248
50 81 1134
50 81 1254
50 93 1458
50 81 1146
50 81 1170
50 81 1164
50 81 1200
50 81 1212
50 81 1188
50 85 1224
50 81 1134
50 81 1206
50 81 1176
50 81 1182
50 81 1122
50 81 1176
50 81 1122
50 81 1146
50 84 1236
50 81 1164
50 81 1056
50 81 1128
50 81 1200
50 81 1170
50 90 1308
50 81 1146
50 81 1182
50 81 1086
50 81 1152
50 81 1182
50 81 1170
50 81 1140
50 81 1182
50 81 1188
50 81 1104
50 95 1578
50 81 1164
50 81 1194
50 81 1056
50 81 1236
50 81 1266
50 81 1212
50 81 1140
50 81 1092
50 81 1044
50 81 1110
50 81 1164
50 81 1134
50 81 1116
50 81 1152
50 81 1110
50 81 1206
50 81 1098
50 86 1356
50 81 1110
50 113 1776
50 81 1182
50 123 2052
50 81 1182
50 130 2208
50 81 1128
50 81 1206
50 88 1248
50 81 1164
50 81 1194
50 100 1644
50 81 1194
50 81 1194
50 101 1764
50 81 1146
50 81 1128
50 103 1794
50 81 1146
50 81 1176
50 81 1164
50 81 1224
50 81 1122
50 95 1518
50 81 1146
50 81 1164
50 81 1134
50 81 1212
50 81 1152
50 81 1224
50 81 1158
50 81 1176
50 81 1176
50 81 1134
50 81 1152
50 81 1200
50 81 1194
50 81 1140
50 81 1086
50 81 1200
50 81 1176
50 81 1158
50 81 1056
50 81 1128
50 99 1578
50 81 1086
50 81 1170
50 81 1176
50 81 1146
50 81 1092
50 81 1116
50 81 1098
50 81 1140
50 81 1122
50 81 1182
50 98 1644
50 81 1146
50 81 1122
50 81 1176
50 81 1110
50 81 1242
50 81 1140
50 81 1170
50 81 1074
50 81 1164
50 81 1146
50 81 1086
50 81 1140
50 81 1146
50 81 1140
50 81 1176
50 84 1236
50 81 1182
50 87 1284
50 81 1098
50 81 948
50 81 1146
50 81 1200
50 81 1116
50 81 1152
50 81 1152
50 81 1092
50 81 1134
50 81 1104
50 97 1392
50 81 1116
50 81 1116
50 121 2028
50 81 1152
50 81 1110
50 81 1140
50 81 1092
50 81 1152
50 105 1722
50 81 1158
50 81 1122
50 81 1110
50 81 1116
50 81 1194
50 81 1152
50 81 1134
50 81 1176
50 81 1146
50 81 1188
50 81 1134
50 81 1188
50 81 1074
50 81 1206
50 81 1080
50 81 1098
50 81 1170
50 81 1056
50 81 1152
50 81 1098
50 81 1152
50 84 1140
50 81 1146
50 81 1218
50 81 1158
50 81 1146
50 81 1212
50 81 1134
50 81 1140
50 81 1188
50 81 1086
50 81 1014
50 81 1194
50 81 1080
50 81 1104
50 81 1104
50 81 1140
50 81 1200
50 81 1188
50 81 1104
50 81 1080
50 81 1128
50 81 1158
50 81 1134
50 81 1134
50 81 1164
50 81 1080
50 81 1104
50 81 1032
50 81 1074
50 95 1488
50 81 1146
50 81 1188
50 81 1218
50 81 1092
50 81 1200
50 81 1134
50 81 1134
50 81 1176
50 81 1074
50 81 1170
50 123 2034
50 81 1116
50 81 1122
50 81 1092
50 81 1170
50 81 1140
50 81 1212
50 81 1164
50 81 1152
50 81 1206
50 81 1140
50 97 1542
50 81 1212
50 81 1158
50 81 1182
50 81 1128
50 81 1062
50 81 1182
50 81 1260
50 81 1116
50 81 1158
50 81 1020
50 81 1146
50 81 1122
50 81 1128
50 81 1080
50 81 1098
50 89 1314
50 81 1128
50 81 1134
50 81 1188
50 81 1128
50 90 1338
50 81 1182
50 81 1122
50 81 1236
50 81 1218
50 81 1140
50 86 1206
50 81 1176
50 81 1230
50 81 1110
50 81 1254
50 81 1200
50 81 1200
50 81 1188
50 81 1134
50 81 1230
50 81 1128
50 81 1038
50 81 1236
50 81 1110
50 81 1230
50 81 1152
50 81 1170
50 81 1128
50 81 1056
50 81 1098
50 81 1176
50 81 1086
50 81 1260
50 81 1128
50 81 1140
50 81 1188
50 81 1104
50 81 1116
50 81 1260
50 81 1104
50 81 1140
50 81 1206
50 81 1176
50 81 1092
50 81 1212
50 81 1134
50 81 1116
50 81 1242
50 81 1092
50 81 1140
50 81 1140
50 81 1116
50 81 1038
50 81 1194
50 81 1176
50 81 1140
50 81 1188
50 81 1188
50 81 1128
50 81 1122
50 81 1158
50 81 1182
50 81 1158
50 81 1140
50 81 1104
50 81 1146
50 108 1554
50 89 1332
50 81 1116
50 81 1212
50 81 1200
50 81 1206
50 91 1440
50 81 1092
50 81 1134
50 81 1110
50 81 1116
50 81 1158
50 81 1098
50 81 1116
50 81 1110
50 81 1068
50 81 1086
50 81 1020
50 81 1116
50 81 1116
50 81 1092
50 81 1038
50 81 1122
50 117 1818
50 81 1134
50 81 1110
50 158 2964
50 81 1182
50 81 1164
50 81 1206
50 81 1044
50 81 1200
50 81 1152
50 81 1098
50 81 1140
50 81 1212
50 81 1248
50 81 1170
50 81 1122
50 81 1176
50 89 1236
50 81 1176
50 81 1122
50 81 1152
50 81 1146
50 81 1068
50 81 1134
50 81 1056
50 81 1110
50 81 1212
50 81 1176
50 81 1194
50 81 1128
50 81 1074
50 81 1032
50 81 1140
50 81 1176
50 81 1116
50 86 1320
50 81 1158
50 81 1164
50 81 1176
50 81 1146
50 81 1140
50 81 1182
50 81 1164
50 81 1224
50 81 1170
50 81 1188
50 81 1146
50 81 1200
50 81 1122
50 95 1524
50 141 2526
50 81 1080
50 81 1152
50 81 1206
50 81 1200
50 81 1194
50 81 1122
50 81 1194
50 81 1176
50 81 1080
50 81 1158
50 97 1488
50 81 1236
50 81 1176
50 81 1122
50 81 1098
50 81 1152
50 81 1170
50 81 1152
50 124 2016
50 81 1158
50 81 1086
50 81 1110
50 81 1110
50 81 1218
50 81 1200
50 81 1146
50 81 1194
50 81 1140
50 81 1206
50 81 1068
50 81 1092
50 81 1188
50 81 1134
50 81 1128
50 81 1140
50 81 1098
50 81 1134
50 81 1158
50 81 1074
50 81 1140
50 81 1110
50 81 1236
50 81 1206
50 81 1122
50 81 1122
50 81 1176
50 81 1122
50 81 1128
50 81 1230
50 81 1008
50 81 1110
50 81 1146
50 81 1146
50 81 1146
50 84 1224
50 81 1098
50 81 1110
50 81 1086
50 81 1128
50 81 1170
50 81 1116
50 81 1140
50 81 1122
50 81 1134
50 81 1050
50 81 1182
50 81 1056
50 81 1188
50 97 1416
50 81 1080
50 81 1176
50 81 1116
50 81 1206
50 81 1086
50 104 1542
50 81 1074
50 81 1122
50 81 1086
50 81 1164
50 81 1116
50 81 1164
50 81 1212
50 81 1068
50 81 1188
50 99 1542
50 81 1206
50 81 1062
50 81 1194
50 81 1164
50 81 1218
50 81 1152
50 81 1128
50 81 1152
50 81 1170
50 81 1218
50 81 1098
50 81 1164
50 81 1146
50 81 1110
50 81 1146
50 81 1212
50 81 1200
50 81 1266
50 81 1104
50 81 1152
50 81 1080
50 81 1122
50 81 1164
50 81 1098
50 81 1230
50 81 1086
50 81 1092
50 81 1194
50 90 1266
50 81 1194
50 81 1098
50 81 1098
50 81 1176
50 81 1164
50 81 1152
50 81 1128
50 81 1152
50 81 1080
50 81 1128
50 81 1206
50 81 1152
50 81 1152
50 81 1062
50 81 1164
50 81 1188
50 81 1152
50 81 1128
50 90 1308
50 81 1170
50 81 1194
50 81 1122
50 81 1230
50 81 1122
50 81 1140
50 81 1098
50 81 1176
50 81 1092
50 81 1236
50 81 1116
50 81 1152
50 81 1092
50 81 1218
50 81 1056
50 81 1110
50 81 1158
50 81 1122
50 81 1128
50 81 1134
50 88 1356
50 81 1224
50 81 1146
50 81 1044
50 81 1146
50 81 1164
50 101 1644
50 91 1368
50 81 1194
50 81 1110
50 109 1782
50 81 1164
50 81 1158
50 81 1230
50 81 1170
50 81 1170
50 81 1146
50 81 1116
50 81 1164
50 81 1128
50 81 1122
50 81 1104
50 81 1206
50 81 1188
50 81 1224
50 81 1140
50 81 1116
50 81 1176
50 81 1158
50 81 1182
50 81 1188
50 81 1182
50 81 1128
50 100 1614
50 81 1146
50 81 1116
50 81 1134
50 81 1164
50 81 1158
50 81 1140
50 81 1146
50 81 1164
50 81 1152
50 92 1464
50 81 1074
50 81 1158
50 81 1140
50 81 1128
50 81 1164
50 81 1086
50 81 1230
50 81 1152
50 81 1050
50 81 1152
50 81 1158
50 81 1170
50 81 1140
50 81 1206
50 81 1224
50 81 1134
50 81 1056
50 81 1200
50 81 1086
50 81 1104
50 81 1098
50 81 1182
50 81 1116
50 81 1188
50 81 1188
50 81 1140
50 81 1140
50 81 1170
50 81 1092
50 81 1200
50 81 1152
50 92 1314
50 81 1122
50 81 1116
50 81 1182
50 81 1032
50 81 1146
50 81 1128
50 81 1086
50 81 1206
50 90 1338
50 81 1164
50 81 1140
50 81 1200
50 81 1092
50 81 1176
50 88 1404
50 90 1416
50 81 1146
50 81 1134
50 81 1092
50 95 1530
50 81 1146
50 81 1140
50 81 1104
50 81 1128
50 81 1188
50 81 1176
50 81 1152
50 81 1194
50 81 1134
50 81 1146
50 81 1188
50 81 1194
50 81 1206
50 81 1152
50 81 1158
50 81 1098
50 81 1134
50 81 1062
50 81 1074
50 81 1122
50 81 1212
50 81 1152
50 81 1206
50 81 1122
50 81 1074
50 81 1164
50 88 1476
50 81 1158
50 123 2442
50 81 1068
50 81 1104
50 81 1074
50 81 1158
50 81 1164
50 81 1152
50 81 1122
50 81 1086
50 81 1116
50 81 1170
50 81 1116
50 81 1182
50 81 1104
50 81 1128
50 81 1188
50 96 1404
50 81 1152
50 81 1152
50 81 1122
50 81 1134
50 81 1188
50 81 1188
50 81 1158
50 81 1122
50 81 1128
50 138 2256
50 81 1236
50 81 1122
50 81 1194
50 81 1176
50 90 1248
50 81 1170
50 81 1134
50 81 1188
50 81 1176
50 81 1110
50 81 1152
50 81 1212
50 81 1158
50 81 1224
50 81 1146
50 81 1176
50 81 1170
50 81 1062
50 81 1098
50 81 1218
50 81 1122
50 81 1194
50 81 1092
50 81 1188
50 81 1158
50 81 1146
50 81 1248
50 85 1266
50 81 1086
50 81 1122
50 81 1140
50 81 1260
50 81 1176
50 81 1284
50 81 1110
50 81 1164
50 89 1284
50 81 1170
50 81 1056
50 81 1158
50 81 1194
50 81 1068
50 81 1146
50 81 1134
50 81 1110
50 81 1182
50 81 1062
50 81 1170
50 91 1308
50 81 1134
50 81 1170
50 81 1122
50 81 1158
50 81 1164
50 81 1134
50 81 1188
50 81 1122
50 81 1056
50 81 1194
50 81 1206
50 81 1110
50 81 1116
50 81 1212
50 81 1176
50 91 1434
50 81 1236
50 81 1152
50 98 1620
50 81 1182
50 141 2436
50 81 1104
50 81 1200
50 81 1146
50 81 1116
50 102 1530
50 81 1140
50 81 1164
50 81 1176
50 81 1158
50 81 1206
50 81 1110
50 81 1194
50 81 1188
50 81 1098
50 89 1290
50 81 1140
50 81 1098
50 81 1122
50 81 1206
50 81 1194
50 81 1152
50 81 1140
50 81 1104
50 81 1212
50 81 1152
50 81 1206
50 81 1134
50 81 1128
50 81 1158
50 81 1080
50 81 1128
50 81 1146
50 81 1122
50 81 1212
50 81 1242
50 97 1626
50 81 1200
50 81 1104
50 81 1056
50 81 1206
50 81 1116
50 81 1158
50 81 1176
50 81 1080
50 81 1272
50 81 1146
50 81 1122
50 81 1158
50 81 1158
50 81 1188
50 81 1188
50 81 1152
50 81 1128
50 81 1152
50 81 1140
50 100 1764
50 81 1176
50 81 1236
50 81 1170
50 96 1608
50 81 1092
50 81 1158
50 81 1098
50 81 1074
50 81 1098
50 84 1368
50 81 1140
50 81 1218
50 81 1158
50 81 1176
50 81 1140
50 81 1122
50 81 1164
50 81 1146
50 81 1092
50 94 1476
50 81 1134
50 81 1176
50 81 1152
50 81 1188
50 81 1122
50 81 1170
50 81 1122
50 81 1164
50 81 1128
50 81 1176
50 81 1146
50 81 1170
50 81 1122
50 81 1176
50 81 1152
50 110 1680
50 81 1008
50 81 1110
50 81 1134
50 81 1212
50 81 1170
50 81 1146
50 81 1272
50 81 1080
50 81 1176
50 81 1176
50 81 1164
50 86 1338
50 81 1098
50 81 1140
50 81 1188
50 81 1116
50 81 1176
50 81 1116
