31 81 678
31 81 594
31 81 588
31 81 600
31 81 684
31 81 672
31 81 642
31 81 558
31 81 618
31 81 648
31 81 678
31 81 618
31 81 618
31 81 558
31 81 678
31 81 606
31 81 648
31 81 648
31 81 600
31 81 654
31 81 630
31 81 648
31 81 648
31 81 630
31 81 636
31 81 624
31 81 636
31 81 630
31 81 690
31 81 666
31 81 624
31 81 582
31 81 636
31 81 606
31 81 606
31 81 648
31 81 618
31 81 666
31 81 570
31 81 606
31 81 642
31 81 600
31 81 648
31 81 630
31 81 672
31 81 636
31 81 624
31 81 588
31 81 606
31 81 696
31 81 594
31 81 600
31 81 606
31 81 564
31 81 600
31 81 630
31 81 636
31 81 582
31 81 630
31 81 654
31 81 588
31 81 606
31 81 612
31 81 630
31 81 624
31 81 612
31 81 600
31 81 630
31 81 630
31 81 588
31 81 600
31 81 618
31 81 618
31 81 612
31 81 588
31 81 612
31 81 642
31 81 690
31 81 612
31 81 642
31 81 720
31 81 618
31 81 570
31 81 636
31 81 564
31 81 642
31 81 648
31 81 624
31 81 630
31 81 588
31 81 624
31 81 576
31 81 624
31 81 582
31 81 612
31 81 630
31 81 588
31 81 600
31 81 606
31 81 642
31 81 648
31 81 600
31 81 582
31 81 612
31 81 618
31 81 642
31 81 600
31 81 618
31 81 642
31 81 618
31 81 618
31 81 594
31 81 642
31 81 624
31 81 606
31 81 606
31 81 606
31 81 576
31 81 618
31 81 636
31 81 624
31 81 546
31 81 618
31 81 618
31 81 588
31 81 654
31 81 618
31 81 606
31 81 594
31 81 630
31 81 618
31 81 594
31 81 654
31 81 564
31 81 624
31 81 594
31 81 606
31 81 648
31 81 600
31 81 630
31 81 618
31 81 618
31 81 618
31 81 618
31 81 600
31 81 642
31 81 600
31 81 618
31 81 624
31 81 654
31 81 636
31 81 672
31 81 666
31 81 612
31 81 588
31 81 630
31 81 612
31 81 600
31 81 624
31 81 618
31 81 600
31 81 666
31 81 630
31 81 594
31 81 624
31 81 600
31 81 624
31 81 612
31 81 672
31 81 630
31 81 606
31 81 666
31 81 606
31 81 606
31 81 654
31 81 660
31 81 606
31 81 582
31 81 636
31 81 648
31 81 672
31 81 612
31 81 582
31 81 582
31 81 636
31 81 588
31 81 702
31 81 612
31 81 600
31 81 630
31 81 666
31 81 600
31 81 618
31 81 576
31 81 660
31 81 576
31 81 612
31 81 600
31 81 630
31 81 648
31 81 630
31 81 672
31 81 588
31 81 576
31 81 666
31 81 678
31 81 636
31 81 606
31 81 546
31 81 624
31 81 618
31 81 678
31 81 606
31 81 594
31 81 588
31 81 612
31 81 666
31 81 702
31 81 618
31 81 624
31 81 612
31 81 600
31 81 618
31 81 672
31 81 636
31 81 660
31 81 648
31 81 666
31 81 654
31 81 588
31 81 606
31 81 582
31 81 636
31 81 690
31 81 636
31 81 600
31 81 606
31 81 618
31 81 636
31 81 660
31 81 582
31 81 660
31 81 576
31 81 600
31 81 594
31 81 594
31 81 654
31 81 624
31 81 660
31 81 624
31 81 660
31 81 600
31 81 624
31 81 618
31 81 660
31 81 618
31 81 570
31 81 618
31 81 612
31 81 618
31 81 648
31 81 642
31 81 612
31 81 606
31 81 624
31 81 624
31 81 630
31 81 630
31 81 588
31 81 660
31 81 642
31 81 624
31 81 636
31 81 594
31 81 624
31 81 666
31 81 594
31 81 576
31 81 672
31 81 624
31 81 630
31 81 612
31 81 594
31 81 660
31 81 612
31 81 648
31 81 636
31 81 654
31 81 564
31 81 606
31 81 636
31 81 630
31 81 630
31 81 588
31 81 612
31 81 600
31 81 660
31 81 600
31 81 600
31 81 606
31 81 630
31 81 654
31 81 624
31 81 612
31 81 582
31 81 636
31 81 630
31 81 606
31 81 594
31 81 672
31 81 624
31 81 582
31 81 594
31 81 582
31 81 612
31 81 642
31 81 576
31 81 594
31 81 660
31 81 696
31 81 678
31 81 600
31 81 642
31 81 612
31 81 666
31 81 594
31 81 594
31 81 606
31 81 648
31 81 642
31 81 666
31 81 624
31 81 636
31 81 582
31 81 648
31 81 630
31 81 570
31 81 630
31 81 582
31 81 630
31 81 654
31 81 606
31 81 630
31 81 612
31 81 588
31 81 630
31 81 618
31 81 594
31 81 582
31 81 654
31 81 618
31 81 570
31 81 570
31 81 624
31 81 606
31 81 636
31 81 636
31 81 630
31 81 696
31 81 576
31 81 618
31 81 672
31 81 696
31 81 648
31 81 648
31 81 612
31 81 618
31 81 642
31 81 594
31 81 654
31 81 678
31 81 630
31 81 642
31 81 612
31 81 588
31 81 660
31 81 600
31 81 588
31 81 648
31 81 606
31 81 600
31 81 576
31 81 648
31 81 630
31 81 570
31 81 612
31 81 582
31 81 612
31 81 594
31 81 660
31 81 612
31 81 612
31 81 636
31 81 654
31 81 612
31 81 636
31 81 618
31 81 654
31 81 630
31 81 624
31 81 660
31 81 618
31 81 648
31 81 588
31 81 594
31 81 612
31 81 606
31 81 606
31 81 600
31 81 606
31 81 660
31 81 624
31 81 600
31 81 582
31 81 630
31 81 594
31 81 612
31 81 648
31 81 618
31 81 624
31 81 612
31 81 654
31 81 654
31 81 672
31 81 606
31 81 600
31 81 648
31 81 618
31 81 630
31 81 618
31 81 666
31 81 606
31 81 582
31 81 624
31 81 618
31 81 570
31 81 642
31 81 654
31 81 720
31 81 648
31 81 582
31 81 654
31 81 600
31 81 600
31 81 618
31 81 636
31 81 648
31 81 588
31 81 636
31 81 600
31 81 606
31 81 636
31 81 678
31 81 672
31 81 636
31 81 564
31 81 636
31 81 600
31 81 630
31 81 594
31 81 630
31 81 594
31 81 624
31 81 630
31 81 696
31 81 606
31 81 672
31 81 636
31 81 708
31 81 666
31 81 618
31 81 630
31 81 612
31 81 618
31 81 618
31 81 594
31 81 624
31 81 648
31 81 660
31 81 630
31 81 648
31 81 612
31 81 606
31 81 642
31 81 576
31 81 678
31 81 642
31 81 666
31 81 594
31 81 606
31 81 654
31 81 684
31 81 654
31 81 594
31 81 618
31 81 654
31 81 582
31 81 570
31 81 684
31 81 630
31 81 660
31 81 582
31 81 696
31 81 582
31 81 576
31 81 600
31 81 606
31 81 618
31 81 612
31 81 576
31 81 570
31 81 606
31 81 588
31 81 612
31 81 600
31 81 600
31 81 606
31 81 654
31 81 624
31 81 552
31 81 582
31 81 588
31 81 678
31 81 654
31 81 630
31 81 642
31 81 564
31 81 618
31 81 600
31 81 606
31 81 642
31 81 606
31 81 618
31 81 642
31 81 594
31 81 666
31 81 648
31 81 600
31 81 642
31 81 660
31 81 588
31 81 684
31 81 612
31 81 612
31 81 642
31 81 648
31 81 618
31 81 606
31 81 612
31 81 618
31 81 660
31 81 600
31 81 624
31 81 582
31 81 630
31 81 612
31 81 600
31 81 660
31 81 630
31 81 642
31 81 588
31 81 582
31 81 618
31 81 624
31 81 642
31 81 600
31 81 618
31 81 588
31 81 630
31 81 642
31 81 606
31 81 666
31 81 558
31 81 654
31 81 636
31 81 630
31 81 618
31 81 630
31 81 642
31 81 636
31 81 594
31 81 660
31 81 702
31 81 636
31 81 564
31 81 648
31 81 594
31 81 630
31 81 594
31 81 570
31 81 618
31 81 642
31 81 654
31 81 660
31 81 636
31 81 684
31 81 624
31 81 636
31 81 630
31 81 642
31 81 624
31 81 612
31 81 666
31 81 618
31 81 642
31 81 612
31 81 588
31 81 576
31 81 630
31 81 660
31 81 660
31 81 588
31 81 600
31 81 642
31 81 684
31 81 630
31 81 576
31 81 636
31 81 624
31 81 630
31 81 540
31 81 648
31 81 618
31 81 594
31 81 606
31 81 648
31 81 642
31 81 612
31 81 618
31 81 672
31 81 588
31 81 678
31 81 564
31 81 636
31 81 618
31 81 624
31 81 660
31 81 600
31 81 624
31 81 696
31 81 660
31 81 690
31 81 576
31 81 624
31 81 600
31 81 660
31 81 624
31 81 642
31 81 696
31 81 576
31 81 642
31 81 624
31 81 600
31 81 570
31 81 594
31 81 648
31 81 618
31 81 594
31 81 558
31 81 588
31 81 606
31 81 600
31 81 636
31 81 612
31 81 606
31 81 582
31 81 672
31 81 630
31 81 624
31 81 696
31 81 684
31 81 588
31 81 612
31 81 618
31 81 618
31 81 660
31 81 642
31 81 666
31 81 606
31 81 636
31 81 582
31 81 642
31 81 600
31 81 666
31 81 666
31 81 636
31 81 600
31 81 594
31 81 588
31 81 618
31 81 672
31 81 606
31 81 660
31 81 630
31 81 636
31 81 582
31 81 624
31 81 612
31 81 672
31 81 606
31 81 612
31 81 606
31 81 678
31 81 690
31 81 618
31 81 600
31 81 600
31 81 594
31 81 606
31 81 654
31 81 624
31 81 594
31 81 636
31 81 606
31 81 606
31 81 642
31 81 594
31 81 618
31 81 624
31 81 630
31 81 660
31 81 612
31 81 648
31 81 642
31 81 576
31 81 648
31 81 606
31 81 624
31 81 636
31 81 618
31 81 606
31 81 684
31 81 636
31 81 618
31 81 666
31 81 594
31 81 606
31 81 582
31 81 624
31 81 606
31 81 600
31 81 648
31 81 642
31 81 600
31 81 594
31 81 570
31 81 654
31 81 642
31 81 624
31 81 726
31 81 576
31 81 630
31 81 618
31 81 588
31 81 594
31 81 606
31 81 630
31 81 630
31 81 636
31 81 630
31 81 576
31 81 630
31 81 642
31 81 624
31 81 576
31 81 618
31 81 594
31 81 636
31 81 606
31 81 612
31 81 618
31 81 576
31 81 588
31 81 678
31 81 648
31 81 588
31 81 612
31 81 606
31 81 630
31 81 606
31 81 636
31 81 606
31 81 600
31 81 642
31 81 636
31 81 606
31 81 576
31 81 672
31 81 624
31 81 606
31 81 588
31 81 624
31 81 648
31 81 654
31 81 606
31 81 618
31 81 600
31 81 678
31 81 612
31 81 606
31 81 636
31 81 642
31 81 576
31 81 648
31 81 654
31 81 606
31 81 594
31 81 678
31 81 654
31 81 618
31 81 600
31 81 618
31 81 594
31 81 624
31 81 588
31 81 660
31 81 666
31 81 654
31 81 594
31 81 648
31 81 570
31 81 648
31 81 618
31 81 594
31 81 684
31 81 582
31 81 618
31 81 588
31 81 582
31 81 606
31 81 624
31 81 636
31 81 654
31 81 630
31 81 666
31 81 612
31 81 678
31 81 636
31 81 642
31 81 600
31 81 636
31 81 636
31 81 624
31 81 576
31 81 564
31 81 624
31 81 624
31 81 594
31 81 606
31 81 624
31 81 606
31 81 636
31 81 666
31 81 660
31 81 672
31 81 690
31 81 636
31 81 624
31 81 624
31 81 666
31 81 600
31 81 642
31 81 636
31 81 624
31 81 618
31 81 576
31 81 636
31 81 648
31 81 618
31 81 624
31 81 642
31 81 600
31 81 600
31 81 594
31 81 600
31 81 636
31 81 618
31 81 654
31 81 612
31 81 666
31 81 612
31 81 624
31 81 606
31 81 636
31 81 600
31 81 648
31 81 576
31 81 612
31 81 612
31 81 636
31 81 630
31 81 678
31 81 618
31 81 606
31 81 600
31 81 654
31 81 588
31 81 588
31 81 606
31 81 600
31 81 618
31 81 594
31 81 630
31 81 648
31 81 624
31 81 600
31 81 600
31 81 570
31 81 630
31 81 660
31 81 636
31 81 612
31 81 576
31 81 630
31 81 666
31 81 612
31 81 600
31 81 624
31 81 660
31 81 636
31 81 672
31 81 678
31 81 636
31 81 624
31 81 576
31 81 672
31 81 618
31 81 654
31 81 624
31 81 624
31 81 618
31 81 588
31 81 624
31 81 630
31 81 636
31 81 582
31 81 648
31 81 606
31 81 660
31 81 576
31 81 642
31 81 642
31 81 666
31 81 618
31 81 618
31 81 630
31 81 600
31 81 624
31 81 606
31 81 552
31 81 624
31 81 618
31 81 582
31 81 564
31 81 648
31 81 618
31 81 630
31 81 672
31 81 618
31 81 630
31 81 570
31 81 642
31 81 564
31 81 648
31 81 624
31 81 618
31 81 636
31 81 636
31 81 624
31 81 654
31 81 666
31 81 630
31 81 630
31 81 612
31 81 618
31 81 606
31 81 600
31 81 582
31 81 582
31 81 570
31 81 648
31 81 558
31 81 594
31 81 612
31 81 606
31 81 600
31 81 630
31 81 576
31 81 702
31 81 582
31 81 618
31 81 654
31 81 702
31 81 600
31 81 594
31 81 600
31 81 582
31 81 630
31 81 648
31 81 636
