52 84 1386
52 102 1590
52 96 1680
52 81 1218
52 81 1170
52 95 1554
52 81 1254
52 81 1248
52 81 1218
52 81 1230
52 81 1230
52 81 1266
52 81 1272
52 81 1218
52 81 1212
52 81 1212
52 81 1242
52 81 1266
52 81 1254
52 81 1212
52 113 1878
52 81 1326
52 81 1224
52 81 1188
52 81 1206
52 81 1254
52 81 1236
52 81 1272
52 81 1110
52 100 1824
52 96 1656
52 90 1626
52 81 1266
52 90 1416
52 81 1170
52 81 1266
52 81 1290
52 81 1188
52 81 1206
52 115 1998
52 97 1542
52 81 1188
52 107 1866
52 81 1200
52 81 1296
52 110 1896
52 81 1224
52 81 1218
52 81 1248
52 81 1230
52 81 1272
52 81 1242
52 81 1308
52 81 1176
52 81 1206
52 98 1668
52 81 1272
52 100 1560
52 81 1224
52 81 1200
52 81 1314
52 81 1266
52 81 1260
52 81 1260
52 81 1296
52 81 1302
52 113 2058
52 81 1230
52 81 1242
52 81 1266
52 81 1242
52 81 1242
52 81 1242
52 81 1308
52 81 1260
52 89 1452
52 81 1146
52 81 1194
52 81 1224
52 81 1260
52 81 1200
52 81 1206
52 81 1356
52 81 1290
52 81 1242
52 102 1566
52 105 1938
52 81 1236
52 92 1380
52 81 1290
52 81 1248
52 90 1500
52 81 1254
52 81 1248
52 92 1542
52 81 1290
52 98 1680
52 81 1194
52 81 1254
52 81 1218
52 81 1314
52 81 1308
52 81 1182
52 81 1146
52 81 1218
52 93 1524
52 81 1266
52 81 1200
52 95 1614
52 101 1626
52 81 1200
52 93 1476
52 81 1290
52 112 2106
52 81 1290
52 81 1218
52 81 1272
52 81 1266
52 81 1302
52 81 1272
52 81 1200
52 81 1254
52 81 1332
52 127 2286
52 81 1260
52 81 1278
52 81 1278
52 81 1230
52 92 1512
52 81 1242
52 81 1248
52 81 1260
52 81 1230
52 81 1182
52 174 3348
52 88 1392
52 81 1146
52 81 1218
52 81 1272
52 81 1290
52 94 1482
52 81 1362
52 81 1254
52 81 1212
52 93 1506
52 104 1698
52 81 1266
52 81 1224
52 81 1230
52 81 1242
52 81 1170
52 84 1356
52 94 1458
52 81 1206
52 147 2808
52 81 1164
52 87 1404
52 81 1338
52 81 1200
52 107 1776
52 81 1254
52 92 1440
52 85 1338
52 81 1338
52 81 1230
52 81 1212
52 81 1188
52 81 1248
52 81 1242
52 81 1248
52 81 1224
52 81 1266
52 81 1218
52 81 1230
52 86 1332
52 81 1194
52 81 1206
52 81 1218
52 81 1182
52 81 1266
52 81 1224
52 81 1164
52 81 1260
52 81 1224
52 93 1482
52 81 1224
52 81 1302
52 81 1218
52 81 1260
52 81 1302
52 81 1206
52 99 1488
52 81 1212
52 81 1218
52 81 1182
52 81 1284
52 81 1242
52 81 1224
52 151 2748
52 81 1224
52 81 1260
52 81 1224
52 92 1512
52 81 1230
52 81 1278
52 81 1200
52 81 1236
52 81 1254
52 81 1188
52 81 1230
52 81 1224
52 81 1260
52 82 1338
52 81 1272
52 126 2088
52 81 1278
52 81 1278
52 81 1176
52 109 1722
52 112 2028
52 81 1248
52 81 1308
52 81 1230
52 96 1578
52 81 1212
52 81 1296
52 81 1314
52 81 1158
52 81 1224
52 81 1224
52 81 1260
52 81 1362
52 93 1488
52 81 1230
52 81 1302
52 81 1188
52 81 1272
52 81 1242
52 95 1512
52 81 1194
52 81 1308
52 89 1476
52 99 1566
52 81 1146
52 81 1200
52 88 1452
52 81 1200
52 88 1434
52 81 1212
52 81 1254
52 81 1218
52 99 1542
52 81 1254
52 81 1272
52 81 1272
52 109 1824
52 81 1170
52 147 2610
52 81 1200
52 106 1734
52 81 1218
52 81 1230
52 81 1356
52 81 1194
52 81 1200
52 100 1734
52 101 1746
52 81 1218
52 81 1206
52 81 1206
52 95 1704
52 83 1284
52 81 1284
52 81 1260
52 81 1242
52 81 1218
52 81 1140
52 81 1224
52 81 1176
52 81 1200
52 90 1584
52 112 2052
52 81 1254
52 81 1242
52 81 1224
52 86 1404
52 81 1248
52 81 1248
52 81 1242
52 109 1794
52 81 1260
52 81 1278
52 81 1122
52 81 1164
52 113 2088
52 89 1386
52 143 2610
52 81 1242
52 84 1398
52 81 1212
52 84 1392
52 81 1254
52 81 1230
52 81 1254
52 81 1176
52 81 1224
52 81 1344
52 81 1314
52 105 1752
52 81 1194
52 81 1248
52 81 1200
52 81 1218
52 200 4092
52 81 1218
52 81 1266
52 81 1236
52 81 1188
52 81 1290
52 90 1344
52 96 1512
52 81 1224
52 132 2436
52 81 1290
52 81 1236
52 128 2382
52 81 1218
52 92 1470
52 81 1206
52 115 2052
52 81 1200
52 81 1284
52 81 1206
52 81 1266
52 133 2688
52 81 1212
52 82 1314
52 81 1200
52 81 1236
52 81 1242
52 81 1266
52 81 1284
52 81 1254
52 81 1200
52 91 1476
52 81 1188
52 81 1248
52 202 4104
52 81 1224
52 81 1272
52 81 1278
52 85 1356
52 81 1188
52 81 1308
52 81 1206
52 81 1236
52 81 1170
52 81 1260
52 81 1254
52 81 1236
52 81 1236
52 81 1182
52 81 1188
52 97 1626
52 81 1272
52 81 1218
52 81 1182
52 81 1200
52 81 1284
52 81 1218
52 81 1194
52 81 1140
52 81 1296
52 88 1494
52 81 1176
52 81 1260
52 124 2388
52 81 1212
52 81 1182
52 81 1218
52 81 1206
52 81 1224
52 81 1170
52 81 1230
52 81 1212
52 81 1272
52 81 1224
52 81 1230
52 81 1260
52 81 1230
52 81 1158
52 81 1194
52 99 1656
52 81 1158
52 81 1200
52 81 1206
52 81 1272
52 105 1902
52 113 1932
52 102 1752
52 81 1242
52 98 1638
52 158 3402
52 95 1686
52 95 1590
52 81 1200
52 81 1218
52 81 1272
52 117 2148
52 81 1200
52 81 1224
52 81 1176
52 81 1200
52 81 1344
52 81 1248
52 81 1206
52 81 1266
52 81 1200
52 81 1194
52 81 1332
52 81 1170
52 81 1212
52 81 1182
52 134 2244
52 81 1302
52 81 1224
52 101 1650
52 81 1206
52 81 1206
52 81 1146
52 81 1206
52 81 1200
52 81 1230
52 81 1266
52 81 1218
52 81 1332
52 81 1266
52 81 1230
52 96 1620
52 81 1194
52 81 1260
52 81 1182
52 81 1206
52 81 1182
52 81 1260
52 97 1476
52 81 1248
52 81 1302
52 81 1236
52 81 1164
52 81 1278
52 81 1218
52 94 1536
52 81 1218
52 81 1218
52 81 1278
52 81 1152
52 81 1206
52 81 1236
52 81 1230
52 81 1266
52 86 1392
52 81 1230
52 81 1278
52 81 1260
52 81 1188
52 85 1338
52 81 1224
52 107 1686
52 81 1218
52 143 2574
52 81 1230
52 81 1272
52 81 1206
52 81 1176
52 81 1302
52 81 1242
52 81 1200
52 81 1266
52 81 1236
52 81 1296
52 81 1188
52 81 1194
52 81 1230
52 81 1278
52 81 1224
52 113 1866
52 81 1110
52 81 1236
52 81 1176
52 81 1230
52 81 1224
52 81 1194
52 81 1314
52 81 1182
52 81 1284
52 81 1254
52 81 1194
52 102 1758
52 101 1656
52 112 2022
52 81 1248
52 81 1206
52 110 1938
52 81 1266
52 81 1218
52 81 1218
52 119 2088
52 81 1254
52 81 1170
52 110 1962
52 81 1248
52 81 1236
52 81 1260
52 118 2214
52 102 1710
52 81 1236
52 131 2586
52 81 1218
52 81 1200
52 81 1236
52 95 1590
52 81 1218
52 81 1260
52 81 1218
52 81 1308
52 81 1212
52 81 1362
52 81 1164
52 87 1500
52 81 1284
52 81 1266
52 116 2112
52 81 1314
52 81 1224
52 81 1272
52 96 1500
52 81 1200
52 95 1512
52 81 1230
52 81 1218
52 81 1236
52 81 1242
52 81 1212
52 118 2250
52 81 1302
52 81 1296
52 81 1242
52 81 1146
52 81 1200
52 81 1194
52 81 1242
52 81 1212
52 81 1206
52 81 1182
52 101 1824
52 123 2166
52 101 1710
52 86 1356
52 81 1284
52 81 1272
52 170 3492
52 81 1230
52 81 1254
52 81 1188
52 81 1200
52 81 1236
52 114 2148
52 81 1206
52 81 1182
52 81 1272
52 81 1224
52 81 1224
52 81 1230
52 81 1254
52 81 1296
52 230 4716
52 81 1236
52 81 1260
52 81 1164
52 81 1236
52 81 1218
52 111 1860
52 81 1230
52 81 1230
52 81 1230
52 81 1308
52 81 1206
52 81 1290
52 81 1236
52 81 1230
52 81 1170
52 81 1194
52 81 1182
52 81 1266
52 81 1218
52 81 1290
52 81 1206
52 81 1194
52 81 1272
52 81 1230
52 81 1224
52 100 1836
52 81 1224
52 81 1146
52 81 1212
52 81 1278
52 81 1278
52 175 3372
52 81 1158
52 81 1200
52 81 1266
52 81 1128
52 81 1182
52 81 1260
52 81 1236
52 81 1200
52 81 1278
52 81 1272
52 131 2364
52 81 1200
52 81 1212
52 81 1170
52 81 1284
52 81 1194
52 90 1350
52 81 1320
52 81 1254
52 81 1200
52 81 1164
52 81 1206
52 81 1248
52 101 1824
52 81 1188
52 81 1254
52 81 1248
52 81 1260
52 124 2376
52 81 1134
52 81 1158
52 81 1278
52 81 1272
52 86 1446
52 81 1206
52 81 1314
52 81 1308
52 93 1494
52 81 1170
52 81 1266
52 81 1194
52 81 1218
52 81 1266
52 81 1242
52 81 1278
52 81 1296
52 86 1350
52 81 1152
52 107 1854
52 81 1200
52 81 1188
52 81 1242
52 81 1188
52 81 1218
52 81 1188
52 81 1224
52 81 1164
52 81 1254
52 81 1212
52 81 1206
52 81 1242
52 81 1176
52 81 1164
52 81 1224
52 81 1296
52 81 1206
52 93 1494
52 81 1308
52 81 1212
52 81 1362
52 277 5790
52 81 1188
52 81 1302
52 88 1458
52 81 1236
52 81 1284
52 81 1248
52 81 1314
52 81 1224
52 199 3894
52 109 1794
52 81 1200
52 81 1242
52 81 1224
52 81 1170
52 81 1242
52 81 1146
52 81 1200
52 81 1218
52 81 1224
52 81 1164
52 81 1182
52 81 1212
52 95 1506
52 81 1212
52 81 1266
52 96 1632
52 81 1254
52 81 1266
52 81 1266
52 81 1248
52 81 1230
52 102 1650
52 81 1254
52 81 1194
52 81 1170
52 81 1218
52 81 1242
52 81 1206
52 81 1188
52 81 1194
52 97 1602
52 81 1230
52 81 1212
52 81 1212
52 81 1224
52 81 1266
52 81 1224
52 81 1284
52 81 1296
52 81 1212
52 81 1248
52 81 1152
52 94 1512
52 93 1710
52 86 1368
52 98 1602
52 122 2226
52 92 1440
52 81 1362
52 81 1158
52 81 1278
52 81 1212
52 81 1284
52 94 1620
52 81 1236
52 81 1272
52 81 1230
52 81 1212
52 81 1284
52 87 1434
52 81 1236
52 81 1302
52 81 1230
52 81 1236
52 81 1284
52 81 1266
52 81 1260
52 81 1218
52 81 1224
52 81 1356
52 81 1242
52 102 1614
52 92 1614
52 81 1212
52 81 1242
52 81 1224
52 81 1182
52 81 1212
52 81 1224
52 81 1320
52 92 1560
52 81 1224
52 81 1200
52 81 1290
52 81 1206
52 81 1260
52 81 1188
52 81 1248
52 81 1206
52 81 1242
52 81 1260
52 81 1218
52 81 1242
52 116 2232
52 154 2898
52 111 2010
52 81 1236
52 81 1248
52 81 1170
52 81 1200
52 99 1674
52 81 1134
52 81 1266
52 81 1176
52 81 1224
52 143 2868
52 81 1254
52 81 1218
52 81 1206
52 81 1218
52 104 1644
52 81 1170
52 81 1134
52 81 1212
52 81 1224
52 81 1188
52 81 1290
52 81 1248
52 81 1176
52 81 1242
52 87 1314
52 81 1194
52 81 1236
52 156 2760
52 81 1242
52 81 1272
52 81 1194
52 81 1248
52 81 1230
52 139 2622
52 159 3306
52 104 1776
52 81 1314
52 81 1332
52 81 1224
52 81 1308
52 81 1200
52 81 1326
52 92 1488
52 104 1920
52 81 1266
52 81 1254
52 81 1278
52 81 1200
52 81 1218
52 85 1386
52 81 1242
52 81 1284
52 81 1308
52 81 1272
52 81 1254
52 81 1302
52 81 1170
52 81 1236
52 81 1260
52 81 1266
52 81 1260
52 81 1242
52 81 1206
52 81 1218
52 81 1176
52 130 2100
52 81 1272
52 81 1344
52 81 1230
52 81 1326
52 81 1266
52 81 1236
52 81 1200
52 94 1512
52 81 1278
52 81 1248
52 81 1272
52 81 1224
52 85 1410
52 81 1236
52 81 1236
52 81 1242
52 81 1170
52 117 1980
52 81 1218
52 81 1116
52 81 1194
52 112 2268
52 81 1200
52 81 1248
52 81 1242
52 81 1248
52 81 1260
52 90 1422
52 81 1320
52 81 1284
52 125 2406
52 91 1572
52 81 1200
52 81 1212
52 81 1290
52 81 1212
52 81 1260
52 109 2040
52 81 1218
52 81 1248
52 81 1302
52 81 1224
52 81 1254
52 81 1302
52 81 1308
52 81 1344
52 81 1302
52 166 3396
52 81 1170
52 81 1236
52 81 1230
52 86 1278
52 81 1224
52 81 1254
52 110 1758
52 81 1260
52 81 1266
52 81 1230
52 81 1260
52 81 1242
52 81 1194
52 81 1200
52 81 1158
52 91 1386
52 103 1680
52 81 1182
52 114 2028
52 81 1242
52 81 1140
52 81 1188
52 81 1260
52 81 1152
52 127 2370
52 81 1170
52 81 1278
52 81 1218
52 81 1218
52 81 1176
52 81 1344
52 110 1878
52 81 1206
52 81 1188
52 99 1770
52 81 1260
52 91 1434
52 81 1230
52 81 1290
52 93 1392
52 110 1890
52 81 1224
52 81 1170
52 81 1146
52 152 2928
52 97 1428
52 81 1272
52 81 1242
52 81 1200
52 86 1320
52 81 1266
52 81 1158
52 81 1272
52 124 2082
52 81 1182
52 81 1242
52 81 1248
52 81 1212
52 81 1284
52 81 1224
52 81 1242
52 109 1884
52 98 1650
52 81 1194
52 176 3102
52 81 1248
52 112 1974
52 96 1602
52 81 1242
52 81 1248
52 150 2724
52 174 3420
52 81 1236
52 81 1380
52 85 1452
52 105 1818
52 102 2010
52 107 1872
52 81 1284
52 81 1266
52 102 1590
52 81 1218
52 81 1224
52 81 1290
52 81 1302
52 81 1278
52 81 1224
52 126 2238
52 81 1152
52 81 1176
52 81 1272
52 87 1380
52 81 1260
52 81 1146
52 81 1224
52 81 1212
52 81 1212
52 81 1188
52 81 1284
52 81 1152
