24 81 570
24 81 546
24 81 546
24 81 552
24 81 546
24 81 552
24 81 528
24 81 558
24 81 564
24 81 522
24 81 582
24 81 600
24 81 504
24 81 552
24 81 546
24 81 522
24 81 504
24 81 564
24 81 522
24 81 498
24 81 570
24 81 522
24 81 552
24 81 558
24 81 558
24 81 546
24 81 588
24 81 528
24 81 546
24 81 528
24 81 528
24 81 522
24 81 546
24 81 552
24 81 540
24 81 540
24 81 558
24 81 504
24 81 522
24 81 552
24 81 534
24 81 546
24 81 516
24 81 546
24 81 522
24 81 534
24 81 540
24 81 522
24 81 534
24 81 546
24 81 528
24 81 534
24 81 534
24 81 546
24 81 552
24 81 510
24 81 558
24 81 540
24 81 552
24 81 558
24 81 552
24 81 528
24 81 516
24 81 522
24 81 564
24 81 522
24 81 540
24 81 534
24 81 570
24 81 528
24 81 516
24 81 522
24 81 528
24 81 528
24 81 546
24 81 558
24 81 588
24 81 516
24 81 528
24 81 564
24 81 534
24 81 516
24 81 546
24 81 576
24 81 552
24 81 492
24 81 540
24 81 564
24 81 528
24 81 594
24 81 528
24 81 564
24 81 558
24 81 540
24 81 576
24 81 570
24 81 528
24 81 522
24 81 534
24 81 534
24 81 510
24 81 528
24 81 552
24 81 522
24 81 540
24 81 546
24 81 546
24 81 534
24 81 534
24 81 510
24 81 558
24 81 522
24 81 534
24 81 588
24 81 528
24 81 564
24 81 552
24 81 528
24 81 534
24 81 540
24 81 540
24 81 522
24 81 516
24 81 570
24 81 510
24 81 540
24 81 540
24 81 528
24 81 528
24 81 558
24 81 576
24 81 528
24 81 540
24 81 528
24 81 570
24 81 528
24 81 534
24 81 510
24 81 546
24 81 546
24 81 546
24 81 546
24 81 546
24 81 600
24 81 528
24 81 546
24 81 522
24 81 534
24 81 552
24 81 570
24 81 528
24 81 522
24 81 540
24 81 540
24 81 570
24 81 522
24 81 552
24 81 558
24 81 534
24 81 546
24 81 576
24 81 522
24 81 552
24 81 576
24 81 564
24 81 570
24 81 558
24 81 522
24 81 540
24 81 534
24 81 522
24 81 528
24 81 522
24 81 534
24 81 540
24 81 582
24 81 522
24 81 582
24 81 540
24 81 534
24 81 546
24 81 540
24 81 522
24 81 516
24 81 552
24 81 540
24 81 528
24 81 528
24 81 564
24 81 528
24 81 546
24 81 522
24 81 546
24 81 564
24 81 552
24 81 534
24 81 582
24 81 558
24 81 570
24 81 516
24 81 552
24 81 540
24 81 540
24 81 546
24 81 576
24 81 540
24 81 570
24 81 558
24 81 546
24 81 534
24 81 564
24 81 540
24 81 588
24 81 546
24 81 504
24 81 570
24 81 546
24 81 576
24 81 564
24 81 522
24 81 534
24 81 522
24 81 600
24 81 558
24 81 582
24 81 540
24 81 552
24 81 528
24 81 522
24 81 558
24 81 558
24 81 558
24 81 546
24 81 624
24 81 540
24 81 528
24 81 510
24 81 534
24 81 528
24 81 534
24 81 558
24 81 570
24 81 570
24 81 546
24 81 516
24 81 540
24 81 516
24 81 516
24 81 552
24 81 534
24 81 564
24 81 582
24 81 540
24 81 576
24 81 528
24 81 534
24 81 552
24 81 540
24 81 522
24 81 546
24 81 522
24 81 522
24 81 528
24 81 540
24 81 564
24 81 540
24 81 540
24 81 552
24 81 522
24 81 582
24 81 528
24 81 522
24 81 510
24 81 546
24 81 558
24 81 588
24 81 552
24 81 522
24 81 522
24 81 510
24 81 540
24 81 546
24 81 558
24 81 564
24 81 552
24 81 570
24 81 588
24 81 534
24 81 516
24 81 570
24 81 570
24 81 570
24 81 528
24 81 528
24 81 594
24 81 576
24 81 540
24 81 522
24 81 546
24 81 528
24 81 522
24 81 540
24 81 528
24 81 552
24 81 522
24 81 594
24 81 534
24 81 540
24 81 570
24 81 540
24 81 552
24 81 516
24 81 534
24 81 522
24 81 522
24 81 534
24 81 522
24 81 540
24 81 552
24 81 540
24 81 534
24 81 534
24 81 552
24 81 558
24 81 540
24 81 504
24 81 552
24 81 516
24 81 498
24 81 558
24 81 564
24 81 570
24 81 534
24 81 534
24 81 570
24 81 552
24 81 588
24 81 528
24 81 534
24 81 522
24 81 534
24 81 552
24 81 570
24 81 564
24 81 576
24 81 546
24 81 528
24 81 582
24 81 534
24 81 522
24 81 528
24 81 516
24 81 552
24 81 576
24 81 552
24 81 516
24 81 510
24 81 546
24 81 570
24 81 558
24 81 534
24 81 552
24 81 558
24 81 534
24 81 564
24 81 552
24 81 522
24 81 558
24 81 552
24 81 546
24 81 516
24 81 516
24 81 540
24 81 570
24 81 516
24 81 600
24 81 522
24 81 510
24 81 510
24 81 510
24 81 546
24 81 546
24 81 522
24 81 534
24 81 522
24 81 582
24 81 528
24 81 552
24 81 552
24 81 516
24 81 540
24 81 540
24 81 528
24 81 588
24 81 522
24 81 540
24 81 534
24 81 570
24 81 546
24 81 552
24 81 534
24 81 522
24 81 564
24 81 558
24 81 522
24 81 582
24 81 570
24 81 588
24 81 552
24 81 510
24 81 546
24 81 510
24 81 600
24 81 522
24 81 546
24 81 540
24 81 534
24 81 522
24 81 558
24 81 510
24 81 534
24 81 558
24 81 558
24 81 534
24 81 540
24 81 546
24 81 564
24 81 594
24 81 546
24 81 552
24 81 546
24 81 552
24 81 504
24 81 540
24 81 540
24 81 534
24 81 528
24 81 558
24 81 558
24 81 546
24 81 546
24 81 552
24 81 516
24 81 588
24 81 558
24 81 534
24 81 576
24 81 516
24 81 528
24 81 546
24 81 534
24 81 546
24 81 540
24 81 546
24 81 534
24 81 558
24 81 588
24 81 540
24 81 534
24 81 522
24 81 528
24 81 552
24 81 534
24 81 564
24 81 588
24 81 552
24 81 540
24 81 552
24 81 582
24 81 504
24 81 546
24 81 564
24 81 564
24 81 570
24 81 540
24 81 576
24 81 546
24 81 516
24 81 540
24 81 546
24 81 522
24 81 552
24 81 540
24 81 564
24 81 534
24 81 564
24 81 552
24 81 540
24 81 522
24 81 558
24 81 552
24 81 540
24 81 540
24 81 570
24 81 552
24 81 558
24 81 528
24 81 510
24 81 582
24 81 522
24 81 588
24 81 540
24 81 558
24 81 528
24 81 552
24 81 540
24 81 582
24 81 540
24 81 552
24 81 564
24 81 540
24 81 576
24 81 546
24 81 552
24 81 510
24 81 528
24 81 528
24 81 510
24 81 534
24 81 546
24 81 534
24 81 498
24 81 540
24 81 534
24 81 570
24 81 534
24 81 564
24 81 564
24 81 564
24 81 546
24 81 534
24 81 528
24 81 534
24 81 564
24 81 528
24 81 504
24 81 528
24 81 552
24 81 546
24 81 522
24 81 546
24 81 570
24 81 540
24 81 546
24 81 510
24 81 552
24 81 558
24 81 534
24 81 552
24 81 516
24 81 570
24 81 534
24 81 540
24 81 564
24 81 522
24 81 552
24 81 534
24 81 552
24 81 540
24 81 576
24 81 588
24 81 528
24 81 534
24 81 528
24 81 510
24 81 534
24 81 570
24 81 564
24 81 558
24 81 552
24 81 546
24 81 522
24 81 528
24 81 528
24 81 540
24 81 534
24 81 594
24 81 576
24 81 540
24 81 558
24 81 558
24 81 570
24 81 504
24 81 558
24 81 552
24 81 534
24 81 534
24 81 540
24 81 522
24 81 540
24 81 510
24 81 540
24 81 570
24 81 552
24 81 522
24 81 564
24 81 558
24 81 570
24 81 534
24 81 570
24 81 564
24 81 558
24 81 558
24 81 588
24 81 552
24 81 546
24 81 528
24 81 528
24 81 528
24 81 558
24 81 582
24 81 534
24 81 546
24 81 522
24 81 540
24 81 534
24 81 558
24 81 534
24 81 528
24 81 576
24 81 570
24 81 564
24 81 552
24 81 558
24 81 534
24 81 546
24 81 624
24 81 570
24 81 534
24 81 528
24 81 546
24 81 540
24 81 552
24 81 546
24 81 534
24 81 534
24 81 570
24 81 534
24 81 522
24 81 552
24 81 528
24 81 534
24 81 552
24 81 534
24 81 516
24 81 540
24 81 510
24 81 540
24 81 552
24 81 522
24 81 534
24 81 528
24 81 528
24 81 546
24 81 558
24 81 588
24 81 558
24 81 558
24 81 516
24 81 540
24 81 516
24 81 516
24 81 570
24 81 540
24 81 606
24 81 546
24 81 504
24 81 540
24 81 528
24 81 534
24 81 516
24 81 588
24 81 546
24 81 564
24 81 552
24 81 552
24 81 546
24 81 540
24 81 546
24 81 522
24 81 516
24 81 534
24 81 540
24 81 546
24 81 570
24 81 564
24 81 528
24 81 528
24 81 576
24 81 552
24 81 546
24 81 564
24 81 540
24 81 534
24 81 510
24 81 534
24 81 582
24 81 510
24 81 534
24 81 540
24 81 534
24 81 534
24 81 510
24 81 528
24 81 540
24 81 522
24 81 540
24 81 540
24 81 552
24 81 534
24 81 564
24 81 528
24 81 552
24 81 558
24 81 522
24 81 552
24 81 564
24 81 582
24 81 540
24 81 558
24 81 552
24 81 540
24 81 546
24 81 564
24 81 552
24 81 534
24 81 552
24 81 552
24 81 588
24 81 516
24 81 576
24 81 540
24 81 528
24 81 522
24 81 522
24 81 546
24 81 522
24 81 534
24 81 534
24 81 552
24 81 504
24 81 552
24 81 540
24 81 552
24 81 546
24 81 540
24 81 516
24 81 540
24 81 522
24 81 516
24 81 546
24 81 528
24 81 564
24 81 522
24 81 558
24 81 552
24 81 582
24 81 522
24 81 528
24 81 534
24 81 522
24 81 546
24 81 528
24 81 540
24 81 540
24 81 540
24 81 516
24 81 528
24 81 582
24 81 546
24 81 522
24 81 534
24 81 522
24 81 522
24 81 564
24 81 552
24 81 588
24 81 534
24 81 528
24 81 540
24 81 540
24 81 498
24 81 528
24 81 522
24 81 540
24 81 558
24 81 552
24 81 516
24 81 552
24 81 534
24 81 594
24 81 510
24 81 540
24 81 528
24 81 534
24 81 558
24 81 540
24 81 528
24 81 540
24 81 582
24 81 576
24 81 516
24 81 558
24 81 552
24 81 528
24 81 516
24 81 552
24 81 522
24 81 558
24 81 564
24 81 552
24 81 546
24 81 540
24 81 534
24 81 516
24 81 534
24 81 546
24 81 540
24 81 534
24 81 546
24 81 522
24 81 582
24 81 564
24 81 528
24 81 534
24 81 540
24 81 564
24 81 576
24 81 546
24 81 576
24 81 540
24 81 552
24 81 528
24 81 498
24 81 552
24 81 510
24 81 540
24 81 600
24 81 528
24 81 570
24 81 540
24 81 552
24 81 606
24 81 552
24 81 528
24 81 576
24 81 588
24 81 552
24 81 510
24 81 534
24 81 522
24 81 588
24 81 564
24 81 534
24 81 546
24 81 534
24 81 516
24 81 522
24 81 522
24 81 540
24 81 558
24 81 540
24 81 558
24 81 510
24 81 552
24 81 522
24 81 552
24 81 546
24 81 534
24 81 534
24 81 522
24 81 564
24 81 558
24 81 552
24 81 528
24 81 522
24 81 558
24 81 558
24 81 522
24 81 564
24 81 534
24 81 546
24 81 516
24 81 570
24 81 534
24 81 516
24 81 540
24 81 576
24 81 528
24 81 564
24 81 540
24 81 510
24 81 558
24 81 540
24 81 540
24 81 570
24 81 552
24 81 576
24 81 570
24 81 522
24 81 522
24 81 558
24 81 558
24 81 582
24 81 522
24 81 564
24 81 552
24 81 522
24 81 510
24 81 582
24 81 534
24 81 546
24 81 540
24 81 552
24 81 540
24 81 552
24 81 564
24 81 558
24 81 570
24 81 534
24 81 540
24 81 504
24 81 534
24 81 534
24 81 534
24 81 516
24 81 558
24 81 552
24 81 564
24 81 540
24 81 528
24 81 528
24 81 534
24 81 552
24 81 540
24 81 534
24 81 522
24 81 558
24 81 540
24 81 552
24 81 534
24 81 534
24 81 522
24 81 516
24 81 558
24 81 528
24 81 552
24 81 552
24 81 558
24 81 540
24 81 546
24 81 546
24 81 570
24 81 552
24 81 540
24 81 552
24 81 546
24 81 534
24 81 516
24 81 570
24 81 522
24 81 516
24 81 546
24 81 522
24 81 576
24 81 564
24 81 522
24 81 510
24 81 546
24 81 540
24 81 534
24 81 534
24 81 558
24 81 540
24 81 540
24 81 528
24 81 552
24 81 534
24 81 558
24 81 522
24 81 528
24 81 522
24 81 552
24 81 588
24 81 546
24 81 534
24 81 570
24 81 534
24 81 552
24 81 522
24 81 546
24 81 546
24 81 558
24 81 534
24 81 552
24 81 540
24 81 564
24 81 522
24 81 564
24 81 510
