46 81 960
46 81 990
46 81 1074
46 81 1002
46 81 936
46 81 1020
46 81 996
46 81 1068
46 81 912
46 81 948
46 81 1014
46 81 1008
46 81 840
46 81 1002
46 81 1026
46 81 1032
46 81 960
46 81 966
46 81 966
46 90 1206
46 81 930
46 81 1014
46 81 1032
46 81 1026
46 81 1050
46 81 948
46 81 978
46 81 1020
46 81 1008
46 81 930
46 81 888
46 81 996
46 81 1014
46 81 1080
46 81 1086
46 81 978
46 81 1014
46 81 948
46 81 990
46 81 1020
46 81 972
46 81 954
46 81 978
46 81 1032
46 81 1026
46 106 1476
46 81 996
46 81 1002
46 81 972
46 81 1014
46 81 978
46 81 972
46 81 918
46 81 966
46 81 900
46 81 1086
46 81 1062
46 81 996
46 81 894
46 81 984
46 81 948
46 81 1032
46 81 1008
46 81 954
46 81 972
46 81 954
46 81 1002
46 81 1044
46 81 1044
46 81 1032
46 81 1020
46 81 894
46 81 906
46 81 960
46 81 924
46 81 996
46 81 942
46 81 948
46 81 984
46 81 966
46 81 1008
46 81 948
46 81 990
46 81 1062
46 81 1038
46 81 978
46 81 954
46 81 1062
46 81 1032
46 81 936
46 81 984
46 81 972
46 81 1086
46 81 1038
46 81 960
46 81 1020
46 84 1056
46 81 1014
46 81 978
46 81 978
46 81 918
46 81 936
46 81 1020
46 81 1008
46 81 1002
46 81 966
46 81 990
46 81 1038
46 81 990
46 81 1020
46 81 966
46 81 948
46 81 930
46 81 990
46 81 1026
46 81 936
46 81 960
46 81 942
46 81 990
46 81 1008
46 81 978
46 81 948
46 81 1032
46 81 1008
46 81 996
46 81 1008
46 81 1032
46 81 1026
46 81 1002
46 81 1008
46 81 1056
46 81 912
46 81 936
46 81 984
46 81 918
46 81 1020
46 81 984
46 81 990
46 81 978
46 81 996
46 81 1032
46 81 984
46 81 960
46 81 954
46 81 990
46 81 990
46 81 1020
46 81 948
46 81 930
46 81 936
46 81 1038
46 81 1002
46 81 1044
46 81 1008
46 81 1038
46 81 924
46 81 924
46 81 1026
46 81 930
46 81 954
46 81 1062
46 81 972
46 81 1002
46 81 972
46 81 984
46 81 918
46 81 972
46 81 1020
46 81 966
46 81 1068
46 81 978
46 81 984
46 81 1092
46 81 924
46 81 1080
46 81 978
46 81 906
46 81 966
46 81 1038
46 81 900
46 85 1140
46 81 954
46 81 942
46 81 1044
46 81 1026
46 81 972
46 81 1014
46 88 1224
46 81 828
46 81 1008
46 81 984
46 81 960
46 81 990
46 81 990
46 81 954
46 81 1032
46 81 1026
46 81 1026
46 81 1032
46 81 984
46 81 954
46 81 984
46 81 1068
46 81 924
46 81 1038
46 81 996
46 81 972
46 81 912
46 81 996
46 81 1002
46 81 954
46 81 996
46 81 936
46 81 1086
46 81 1062
46 81 954
46 94 1272
46 81 918
46 81 1026
46 81 1092
46 81 960
46 81 1014
46 81 984
46 81 1056
46 81 978
46 81 1014
46 81 990
46 81 882
46 81 918
46 85 1152
46 81 1008
46 81 924
46 91 1290
46 81 1050
46 81 1068
46 81 1032
46 81 1038
46 81 924
46 81 1098
46 81 1008
46 81 912
46 81 948
46 81 1008
46 81 1026
46 81 954
46 81 1002
46 81 936
46 81 1038
46 81 1014
46 81 1038
46 81 990
46 81 1026
46 81 1002
46 81 1056
46 81 978
46 81 954
46 81 990
46 81 1098
46 81 1014
46 81 900
46 81 936
46 81 942
46 81 1038
46 81 1032
46 81 918
46 81 1014
46 81 960
46 101 1434
46 81 930
46 81 954
46 81 1014
46 81 1122
46 81 930
46 81 990
46 81 996
46 81 942
46 81 996
46 81 1008
46 81 1050
46 81 1008
46 81 996
46 81 918
46 81 900
46 81 996
46 81 972
46 81 1050
46 81 984
46 81 966
46 81 912
46 81 942
46 81 1062
46 81 990
46 81 990
46 81 1086
46 81 984
46 81 1038
46 81 942
46 81 984
46 81 930
46 81 1002
46 81 1056
46 81 1044
46 81 972
46 81 1092
46 81 942
46 81 996
46 81 948
46 81 966
46 81 1038
46 81 1020
46 81 942
46 81 1044
46 81 990
46 81 1002
46 81 1050
46 81 1050
46 81 1020
46 81 1008
46 81 954
46 81 972
46 81 1038
46 81 1086
46 81 996
46 81 1026
46 81 948
46 81 1086
46 81 966
46 81 1002
46 81 954
46 81 996
46 81 1002
46 81 966
46 81 936
46 81 996
46 81 984
46 81 978
46 81 900
46 81 984
46 81 1038
46 81 972
46 81 930
46 81 1008
46 81 936
46 81 984
46 81 1014
46 81 1026
46 81 942
46 81 936
46 81 1020
46 81 936
46 81 966
46 81 972
46 81 996
46 81 1044
46 81 1050
46 81 948
46 81 1020
46 81 990
46 81 1002
46 81 990
46 81 978
46 81 1044
46 81 1014
46 81 990
46 81 1134
46 81 1002
46 81 972
46 81 1014
46 81 1044
46 81 1086
46 81 1020
46 81 1008
46 81 984
46 81 918
46 81 990
46 81 942
46 81 996
46 81 1026
46 81 960
46 81 1068
46 81 1002
46 81 990
46 81 960
46 81 984
46 81 960
46 81 1026
46 81 1002
46 81 1032
46 81 906
46 81 888
46 81 942
46 81 1002
46 81 1014
46 89 1128
46 81 978
46 81 1014
46 81 984
46 81 1038
46 81 996
46 81 990
46 81 1008
46 81 978
46 81 912
46 81 924
46 81 978
46 81 978
46 81 1020
46 81 966
46 81 1014
46 81 966
46 81 960
46 81 990
46 81 1104
46 81 1122
46 81 1068
46 81 990
46 81 894
46 81 990
46 81 984
46 81 984
46 81 984
46 81 984
46 81 1020
46 81 936
46 81 906
46 81 1008
46 81 1086
46 81 996
46 81 912
46 81 966
46 81 954
46 81 972
46 81 1074
46 81 1098
46 81 960
46 81 990
46 81 930
46 81 1032
46 81 1008
46 81 960
46 81 1110
46 81 966
46 81 984
46 81 942
46 81 954
46 81 948
46 81 1080
46 81 1032
46 81 1062
46 81 954
46 81 984
46 81 996
46 81 1002
46 81 984
46 81 1020
46 81 954
46 81 990
46 81 1086
46 81 1026
46 81 906
46 81 984
46 81 1032
46 81 1032
46 81 1020
46 81 996
46 81 954
46 81 996
46 81 1026
46 81 990
46 81 1068
46 81 1008
46 81 972
46 81 978
46 81 1038
46 81 948
46 84 1068
46 81 978
46 81 984
46 81 1008
46 81 1032
46 81 1038
46 81 990
46 81 870
46 81 1098
46 81 972
46 81 978
46 81 954
46 81 984
46 81 960
46 81 960
46 81 1020
46 81 1008
46 81 990
46 81 984
46 87 1164
46 81 1014
46 81 972
46 81 1050
46 81 960
46 81 1026
46 81 978
46 81 1038
46 81 912
46 81 996
46 81 990
46 81 882
46 81 990
46 81 966
46 81 948
46 81 966
46 81 1062
46 81 912
46 81 924
46 81 960
46 81 876
46 81 966
46 81 1104
46 81 960
46 81 1014
46 81 1008
46 81 1008
46 81 972
46 81 990
46 81 918
46 81 942
46 81 1056
46 81 1074
46 84 1074
46 81 972
46 81 936
46 81 1062
46 81 1026
46 81 1008
46 81 978
46 81 948
46 81 1068
46 81 1050
46 81 1050
46 81 906
46 81 1062
46 81 984
46 81 954
46 81 918
46 81 1002
46 81 918
46 81 966
46 81 978
46 81 978
46 81 1008
46 81 966
46 81 1050
46 81 954
46 81 1062
46 81 948
46 81 1008
46 81 954
46 81 912
46 81 978
46 81 942
46 81 894
46 81 1062
46 81 996
46 81 1026
46 81 1038
46 81 984
46 81 1050
46 81 996
46 81 966
46 81 1002
46 81 924
46 81 1050
46 81 1032
46 81 972
46 81 1038
46 81 954
46 81 906
46 81 960
46 81 1032
46 81 1002
46 81 1056
46 81 1044
46 81 978
46 81 1044
46 81 1044
46 81 990
46 81 978
46 81 1086
46 81 1032
46 81 1068
46 81 990
46 81 1056
46 81 948
46 81 1008
46 81 1014
46 81 1062
46 81 966
46 81 942
46 81 1008
46 81 1008
46 81 930
46 81 1008
46 81 1020
46 81 1014
46 81 930
46 81 936
46 81 1008
46 81 912
46 81 966
46 81 990
46 81 954
46 86 1080
46 81 960
46 87 1110
46 81 960
46 81 960
46 81 948
46 81 1002
46 81 1038
46 81 1020
46 81 996
46 81 912
46 81 996
46 81 882
46 81 1008
46 81 984
46 81 1008
46 81 966
46 81 984
46 81 894
46 81 984
46 81 978
46 81 996
46 81 1098
46 81 1038
46 81 1038
46 81 978
46 81 996
46 81 942
46 85 1074
46 81 960
46 81 960
46 81 954
46 81 1014
46 81 1020
46 81 1032
46 81 990
46 81 918
46 81 1002
46 81 1002
46 81 1068
46 92 1266
46 81 978
46 81 1032
46 81 954
46 81 978
46 81 942
46 81 978
46 81 978
46 81 948
46 81 1020
46 81 1038
46 94 1218
46 81 1002
46 81 1080
46 81 1014
46 81 1020
46 81 1008
46 81 1008
46 81 1008
46 81 1026
46 81 972
46 81 1050
46 81 960
46 81 972
46 81 1122
46 81 990
46 95 1464
46 81 996
46 81 942
46 81 978
46 81 996
46 81 1026
46 81 1068
46 81 960
46 81 1002
46 81 1014
46 81 972
46 81 966
46 81 966
46 81 960
46 81 972
46 81 954
46 81 1026
46 81 918
46 81 978
46 81 1032
46 81 1038
46 81 1002
46 81 1068
46 81 906
46 81 1068
46 81 996
46 81 954
46 81 930
46 81 996
46 81 978
46 81 990
46 81 1002
46 81 1014
46 81 1086
46 81 978
46 81 972
46 81 924
46 81 1062
46 81 912
46 81 906
46 81 888
46 81 996
46 81 924
46 81 984
46 81 978
46 81 936
46 81 936
46 81 930
46 81 996
46 81 972
46 81 954
46 81 1014
46 81 996
46 81 984
46 81 960
46 81 1062
46 81 990
46 81 1086
46 81 906
46 81 948
46 81 1026
46 81 942
46 81 996
46 81 984
46 81 1014
46 81 888
46 81 1026
46 81 954
46 81 990
46 81 1026
46 81 1008
46 81 984
46 81 948
46 81 948
46 81 978
46 81 1002
46 81 978
46 81 996
46 81 1032
46 81 984
46 81 960
46 81 1002
46 81 1086
46 81 870
46 81 990
46 81 1014
46 81 1002
46 81 1002
46 92 1248
46 81 984
46 81 966
46 81 1008
46 81 960
46 81 1014
46 81 1056
46 81 1032
46 81 1056
46 81 954
46 81 1008
46 81 1008
46 81 906
46 81 972
46 81 912
46 81 1050
46 81 954
46 94 1170
46 81 1002
46 81 1008
46 81 1020
46 81 936
46 81 942
46 81 1014
46 81 978
46 81 1032
46 81 984
46 81 1056
46 81 1092
46 81 888
46 81 1050
46 81 996
46 81 1002
46 81 1008
46 81 1050
46 81 984
46 81 990
46 81 978
46 81 936
46 81 1038
46 81 1032
46 81 924
46 81 1014
46 81 1086
46 81 1056
46 81 972
46 81 996
46 81 942
46 81 1032
46 81 972
46 81 966
46 81 978
46 81 954
46 81 972
46 81 1008
46 90 1212
46 81 1020
46 81 996
46 81 1032
46 81 996
46 81 1002
46 81 954
46 81 900
46 81 1014
46 81 1020
46 81 1008
46 81 978
46 81 984
46 81 1044
46 81 948
46 81 906
46 81 1026
46 81 1050
46 81 1008
46 81 984
46 81 1080
46 81 1044
46 81 1026
46 81 960
46 81 1002
46 81 984
46 81 984
46 81 1014
46 81 924
46 81 1002
46 81 984
46 81 918
46 81 906
46 81 930
46 81 960
46 81 1068
46 81 936
46 81 1026
46 81 1008
46 81 930
46 81 1002
46 81 978
46 81 942
46 81 1080
46 81 912
46 81 1098
46 81 996
46 81 1008
46 81 1002
46 81 912
46 81 942
46 81 990
46 81 1104
46 81 996
46 81 1080
46 81 918
46 81 924
46 81 966
46 81 960
46 81 1080
46 81 978
46 81 966
46 81 948
46 81 984
46 81 912
46 81 1080
46 81 954
46 81 972
46 81 954
46 81 1056
46 81 942
46 81 948
46 81 1002
46 91 1176
46 81 978
46 81 1032
46 81 1038
46 81 978
46 81 1068
46 81 900
46 81 1062
46 81 1044
46 81 1002
46 81 948
46 81 1056
46 81 1044
46 81 984
46 81 1056
46 81 858
46 81 1002
46 81 1014
46 81 996
46 81 996
46 81 942
46 81 972
46 81 1050
46 81 1020
46 81 966
46 81 906
46 81 972
46 81 960
46 81 984
46 81 924
46 81 1026
46 81 966
46 81 1026
46 81 1068
46 81 984
46 81 1008
46 81 1020
46 81 978
46 81 948
46 81 972
46 81 1020
46 81 966
46 81 1050
46 81 954
46 81 996
46 81 978
46 81 972
46 81 942
46 81 990
46 81 1032
46 81 1116
46 81 1002
46 81 1092
46 81 1020
46 81 954
46 81 978
46 81 954
46 81 1008
46 81 996
46 81 1014
46 81 1032
46 81 1092
46 81 1074
46 81 966
46 81 1014
46 81 1026
46 81 1020
46 81 1002
46 81 972
46 81 1014
46 81 1014
46 81 1062
46 81 936
46 81 930
46 81 984
46 81 984
46 81 912
46 81 1068
46 81 1044
46 81 960
46 81 1002
46 81 1044
46 81 978
46 81 972
46 81 990
46 81 990
46 81 972
46 81 1038
46 81 1062
46 81 990
46 81 960
46 81 1008
46 81 954
46 81 1038
46 81 1062
46 81 1002
46 81 996
46 81 966
46 81 936
46 81 1056
46 81 1002
46 81 1026
46 81 1062
46 81 1056
46 81 966
46 81 954
46 81 1026
46 81 1008
