49 81 1206
49 81 1110
49 94 1338
49 81 1146
49 81 1098
49 81 1122
49 81 1176
49 81 1086
49 81 1068
49 81 1146
49 81 1146
49 81 1068
49 81 1050
49 95 1434
49 81 1104
49 81 1176
49 81 1128
49 89 1266
49 81 1212
49 81 1026
49 81 1104
49 81 1122
49 81 1236
49 81 1086
49 81 1146
49 81 1092
49 81 1170
49 81 1200
49 81 1212
49 81 1086
49 81 1074
49 81 1092
49 81 1164
49 81 1218
49 81 1080
49 81 1056
49 81 1152
49 81 1104
49 81 1086
49 81 1074
49 81 1044
49 81 1110
49 81 1026
49 81 1092
49 81 1056
49 81 966
49 81 1092
49 81 1074
49 81 1110
49 81 1074
49 81 1134
49 81 1074
49 81 1110
49 81 1164
49 81 1080
49 81 1104
49 81 1086
49 81 1092
49 81 1056
49 81 1074
49 81 1068
49 81 1116
49 81 1092
49 81 1110
49 81 1158
49 81 1074
49 104 1884
49 112 1608
49 81 1050
49 81 1098
49 81 1110
49 87 1302
49 81 1068
49 81 1086
49 81 1158
49 81 1038
49 81 1086
49 81 1188
49 81 1068
49 81 1086
49 81 1074
49 81 1242
49 81 1056
49 81 1056
49 81 1134
49 81 1098
49 88 1386
49 81 1116
49 95 1458
49 81 1122
49 81 1134
49 81 1110
49 113 1686
49 92 1458
49 81 1050
49 81 1092
49 81 1152
49 81 1104
49 89 1278
49 81 1086
49 81 1128
49 81 1092
49 81 1050
49 81 1062
49 81 1116
49 81 1146
49 81 1248
49 81 1056
49 81 1086
49 81 1140
49 81 1104
49 81 1140
49 81 1038
49 81 1074
49 81 1104
49 81 1122
49 81 1080
49 81 1134
49 81 1176
49 81 1056
49 104 1494
49 81 1092
49 87 1230
49 81 1110
49 81 1128
49 81 1062
49 81 1110
49 81 1122
49 81 1134
49 119 1842
49 81 1068
49 92 1350
49 86 1236
49 81 1092
49 81 1068
49 81 1134
49 81 1104
49 81 1128
49 107 1800
49 81 1056
49 81 1062
49 81 1104
49 81 1182
49 81 1074
49 81 1044
49 81 1074
49 81 1104
49 81 1116
49 81 1068
49 87 1176
49 81 1110
49 81 1230
49 81 1158
49 81 1116
49 81 1062
49 81 1176
49 81 1134
49 81 1080
49 102 1512
49 81 1158
49 81 1116
49 99 1752
49 81 1098
49 81 1068
49 81 1044
49 81 1020
49 81 1122
49 81 1062
49 81 1164
49 81 1098
49 81 1092
49 81 1098
49 81 1086
49 81 1062
49 81 1164
49 81 1194
49 81 1122
49 81 1128
49 81 1044
49 81 1128
49 81 1056
49 108 1674
49 94 1416
49 81 1146
49 81 1086
49 81 1086
49 81 1026
49 81 1116
49 81 1104
49 81 1122
49 81 1068
49 85 1200
49 81 1074
49 85 1206
49 81 1086
49 81 1116
49 81 1098
49 81 1056
49 81 1062
49 81 1068
49 81 1044
49 81 1086
49 81 1134
49 81 1098
49 81 1056
49 86 1242
49 81 1074
49 81 1122
49 81 1128
49 85 1278
49 81 1134
49 81 1134
49 81 1086
49 81 1188
49 81 1140
49 81 1128
49 81 1212
49 81 1128
49 81 1110
49 81 1032
49 81 1116
49 81 1068
49 81 1008
49 81 1044
49 81 1068
49 81 1146
49 81 1092
49 81 1134
49 81 1122
49 81 1074
49 81 1080
49 81 1110
49 81 1140
49 81 1110
49 81 1092
49 81 1116
49 81 1098
49 81 1068
49 81 1074
49 81 1092
49 81 1110
49 81 1188
49 81 1080
49 81 1140
49 81 1158
49 81 1140
49 81 1080
49 81 1026
49 81 1062
49 81 1176
49 81 1152
49 87 1242
49 81 1122
49 81 1086
49 81 1014
49 81 1008
49 81 1056
49 81 1152
49 81 1008
49 81 1128
49 81 1098
49 81 1122
49 81 1104
49 81 1032
49 81 1002
49 81 1158
49 81 1110
49 81 1170
49 98 1590
49 81 1008
49 81 1044
49 81 1164
49 81 1140
49 81 1020
49 81 1128
49 81 1050
49 81 1104
49 81 1104
49 81 1068
49 81 1044
49 81 1170
49 81 1128
49 81 1032
49 93 1380
49 81 1044
49 81 1122
49 81 1104
49 81 1134
49 81 1098
49 81 1128
49 81 1200
49 81 1116
49 81 1152
49 81 1086
49 81 1110
49 81 1116
49 81 1098
49 81 1086
49 81 1164
49 81 1092
49 81 1074
49 81 1158
49 81 1038
49 81 1158
49 81 1086
49 105 1716
49 81 1002
49 81 1122
49 81 1068
49 81 1074
49 81 1056
49 81 1170
49 81 1056
49 81 1056
49 81 1146
49 81 1122
49 81 1128
49 81 1146
49 81 1092
49 81 1146
49 81 1116
49 81 1158
49 81 1158
49 81 1044
49 81 1080
49 81 1116
49 81 1014
49 81 1104
49 81 1092
49 81 1080
49 81 1038
49 81 1116
49 81 1056
49 98 1386
49 81 1116
49 81 1056
49 81 1062
49 81 1128
49 81 1146
49 81 1098
49 84 1230
49 81 1104
49 81 1074
49 81 1116
49 81 1104
49 87 1362
49 81 1164
49 81 1164
49 81 1122
49 81 1098
49 81 1152
49 81 1098
49 81 1050
49 81 1038
49 81 1098
49 106 1782
49 81 1038
49 81 1074
49 81 1140
49 81 1146
49 81 1086
49 81 1032
49 81 1134
49 81 1140
49 81 1122
49 81 1146
49 81 1170
49 81 1014
49 81 1062
49 81 1158
49 87 1236
49 81 1086
49 81 1146
49 81 1152
49 81 1140
49 81 1134
49 81 1200
49 81 1038
49 81 1134
49 81 1140
49 81 1032
49 98 1488
49 81 1062
49 81 1074
49 81 1104
49 81 1110
49 81 1080
49 81 1122
49 81 1146
49 96 1398
49 81 1128
49 81 1104
49 81 984
49 81 1128
49 81 1110
49 81 1152
49 82 1182
49 81 1134
49 81 1104
49 81 1092
49 81 1170
49 81 1086
49 81 1074
49 81 1134
49 81 1032
49 81 1068
49 81 1188
49 81 1086
49 81 1182
49 81 1176
49 81 1086
49 81 1152
49 81 1122
49 81 1122
49 81 1182
49 81 1056
49 81 1188
49 81 1188
49 81 1110
49 81 1086
49 81 1074
49 81 1074
49 81 1098
49 81 1050
49 81 1080
49 81 1062
49 81 1212
49 81 1134
49 81 1056
49 90 1368
49 81 1116
49 81 1044
49 81 1092
49 81 1086
49 81 1110
49 149 2550
49 81 1050
49 81 1080
49 82 1242
49 94 1248
49 81 1092
49 101 1554
49 81 1146
49 81 1110
49 81 1074
49 81 1092
49 81 1026
49 81 1176
49 81 1104
49 81 1086
49 81 1200
49 81 1122
49 81 1176
49 81 1110
49 81 1098
49 81 1044
49 81 996
49 88 1290
49 81 1194
49 81 1248
49 81 1068
49 81 1176
49 81 1092
49 98 1722
49 107 1848
49 81 1230
49 81 1122
49 81 1074
49 81 1092
49 81 1062
49 81 1080
49 81 1110
49 81 1134
49 81 1158
49 81 1212
49 81 1074
49 81 1074
49 81 1080
49 81 1056
49 81 1062
49 81 1182
49 81 1134
49 81 1140
49 81 1134
49 81 1110
49 81 1092
49 81 1104
49 81 1092
49 81 1110
49 81 1074
49 81 1122
49 81 1104
49 81 1164
49 81 1080
49 81 1050
49 81 1110
49 81 1062
49 92 1272
49 81 1098
49 81 1146
49 81 1128
49 81 1110
49 81 1062
49 81 1104
49 86 1212
49 81 1134
49 81 1080
49 81 1032
49 81 1134
49 81 1122
49 81 1134
49 81 1074
49 81 1128
49 81 1200
49 81 1134
49 81 1056
49 81 1104
49 81 1056
49 81 1056
49 81 1194
49 81 1134
49 81 1092
49 81 1104
49 81 1176
49 81 1134
49 81 1092
49 81 1092
49 81 1062
49 81 1074
49 81 1134
49 81 1140
49 81 1068
49 81 1104
49 81 1020
49 81 1128
49 81 1164
49 81 1104
49 81 1086
49 81 1068
49 81 1182
49 81 1062
49 81 1146
49 81 1092
49 81 1158
49 91 1482
49 81 1068
49 81 1140
49 81 1056
49 81 1110
49 81 1032
49 81 1074
49 81 1116
49 81 1068
49 81 1158
49 93 1470
49 81 1092
49 81 1086
49 81 1128
49 81 1122
49 81 1026
49 81 1050
49 81 1140
49 81 1188
49 81 1170
49 105 1620
49 81 1110
49 81 1062
49 81 1104
49 89 1194
49 86 1182
49 81 1140
49 81 1164
49 81 1044
49 81 1074
49 81 1128
49 88 1284
49 81 1176
49 81 1110
49 81 1188
49 81 1062
49 81 1098
49 81 1194
49 81 1122
49 81 1134
49 81 1158
49 81 1098
49 81 1122
49 81 1032
49 81 1092
49 81 1158
49 81 1134
49 81 1128
49 81 1074
49 81 1122
49 81 1080
49 85 1374
49 81 1122
49 81 1062
49 81 1074
49 81 1032
49 81 1080
49 81 1194
49 81 1128
49 81 1146
49 81 1098
49 81 1092
49 81 1074
49 81 1062
49 81 1086
49 81 1110
49 81 1080
49 81 1098
49 81 1158
49 81 1062
49 81 1146
49 81 1170
49 81 1110
49 81 1104
49 81 1020
49 81 1164
49 81 1122
49 81 1116
49 81 1092
49 81 1140
49 81 1104
49 81 1074
49 81 1128
49 81 1068
49 92 1362
49 81 1080
49 81 1158
49 81 1122
49 81 1128
49 81 1098
49 81 1098
49 81 1098
49 81 1128
49 81 1104
49 81 1092
49 81 1086
49 81 1062
49 92 1434
49 81 1110
49 81 1086
49 81 1116
49 81 1152
49 81 1092
49 81 1116
49 81 1116
49 81 1176
49 81 1128
49 81 1134
49 81 1128
49 81 1134
49 81 1170
49 81 1146
49 81 1218
49 81 1044
49 105 1770
49 81 1020
49 81 1050
49 81 1056
49 81 1056
49 81 1068
49 81 1110
49 81 1122
49 81 1062
49 81 1182
49 81 1062
49 81 1158
49 81 1152
49 81 1080
49 81 1116
49 81 1122
49 81 1080
49 81 1056
49 81 1056
49 81 1182
49 81 1110
49 81 1092
49 81 1146
49 81 1146
49 81 1122
49 81 1080
49 81 1152
49 81 1092
49 81 1170
49 81 1128
49 81 1056
49 81 1020
49 81 1170
49 81 1110
49 81 1110
49 81 1128
49 81 1080
49 81 1146
49 81 1092
49 81 1104
49 81 1110
49 81 1080
49 81 1164
49 81 1104
49 81 1110
49 81 1116
49 81 1074
49 81 1158
49 81 1122
49 87 1224
49 81 1170
49 81 1152
49 81 1038
49 81 1158
49 81 1032
49 81 1020
49 81 1092
49 81 1056
49 81 1110
49 113 1776
49 81 1146
49 81 1170
49 81 1134
49 157 2850
49 81 1020
49 81 1080
49 81 1056
49 81 1044
49 81 1068
49 81 1152
49 81 1080
49 81 1032
49 81 1170
49 81 1122
49 81 1176
49 102 1644
49 81 1020
49 81 1044
49 81 1092
49 81 1116
49 81 1188
49 81 1140
49 81 1092
49 81 1116
49 81 1086
49 81 1206
49 81 1122
49 81 1026
49 81 1092
49 81 1092
49 81 1188
49 81 1062
49 90 1308
49 81 1158
49 81 1176
49 81 1092
49 81 1062
49 81 1080
49 81 1152
49 88 1248
49 108 1872
49 81 1062
49 81 1098
49 81 1080
49 81 978
49 100 1530
49 81 1092
49 84 1146
49 81 1116
49 81 1086
49 81 1116
49 81 1134
49 81 1158
49 81 1146
49 81 1068
49 81 1134
49 81 1152
49 81 1116
49 81 1080
49 81 1128
49 81 1128
49 81 1062
49 81 1050
49 81 990
49 81 1044
49 81 1134
49 81 1080
49 81 1068
49 81 1176
49 81 1122
49 81 1092
49 81 1122
49 81 1056
49 81 1086
49 81 1122
49 81 1104
49 81 1038
49 81 1116
49 81 1056
49 81 1104
49 81 1128
49 81 1086
49 81 1116
49 81 1188
49 81 1116
49 81 1062
49 81 1062
49 81 1074
49 81 1062
49 81 1152
49 81 1116
49 81 1170
49 81 1122
49 81 1146
49 81 1152
49 81 1086
49 81 1068
49 81 1128
49 81 1110
49 81 1158
49 81 1086
49 81 1122
49 81 1170
49 81 1056
49 81 1026
49 81 1008
49 81 1152
49 81 1074
49 81 1044
49 81 1164
49 81 1176
49 81 1116
49 81 1170
49 81 1056
49 81 1056
49 81 1104
49 81 1086
49 81 1092
49 81 1140
49 81 1092
49 81 1104
49 94 1488
49 81 1092
49 81 1038
49 81 1026
49 81 1134
49 81 1140
49 81 1128
49 81 1098
49 81 1110
49 81 1104
49 81 1128
49 81 1242
49 81 1152
49 81 1164
49 81 1134
49 81 1128
49 81 1110
49 81 1140
49 89 1236
49 81 1104
49 81 1164
49 81 1026
49 81 1104
49 81 1068
49 81 1056
49 81 1092
49 81 1056
49 81 1050
49 81 1140
49 102 1410
49 81 1146
49 81 1128
49 81 1170
49 81 1152
49 81 1086
49 81 1176
49 88 1320
49 81 1116
49 81 1056
49 81 1032
49 81 1062
49 81 1116
49 81 1104
49 81 1026
49 81 1098
49 81 1110
49 81 1086
49 81 1200
49 81 1134
49 81 1110
49 81 1074
49 81 1032
49 81 1116
49 81 1080
49 81 1038
49 81 1092
49 81 1122
49 81 978
49 81 1104
49 81 1092
49 81 1002
49 81 984
49 81 1128
49 81 1134
49 81 1014
49 81 1080
49 81 1098
49 81 1104
49 81 1080
49 81 1062
49 81 1140
49 81 1152
49 81 1146
49 81 1092
49 81 1086
49 81 1122
49 81 1080
49 81 1050
49 81 1182
49 81 1008
49 81 1104
49 81 1140
49 81 1146
49 81 1074
49 81 1158
49 81 1182
49 81 1062
49 81 1020
49 81 1146
49 81 1044
49 81 1068
49 81 1014
49 81 1014
49 81 1194
49 91 1284
49 81 1158
49 81 1158
49 81 1164
49 81 996
49 81 1074
49 81 1140
49 81 1164
49 81 1098
49 81 1062
49 81 1062
49 81 1182
49 81 1098
49 81 1110
49 81 1152
49 81 1128
49 81 1050
49 81 1146
49 81 1098
49 81 1086
49 92 1440
49 81 1116
49 121 2118
49 81 1116
49 81 1080
49 95 1398
49 81 1110
49 81 1074
49 81 1116
49 81 1050
49 81 1158
49 100 1416
49 81 1032
49 81 1146
49 97 1446
49 81 1122
49 81 1008
49 81 1176
49 81 1116
49 81 1080
49 81 1080
49 81 1068
49 81 1092
49 81 1050
49 81 1128
49 81 1104
49 81 1092
49 81 1092
49 81 1080
49 81 1050
49 81 1158
49 81 1080
49 81 1128
49 81 1026
49 81 1080
49 81 1086
49 81 1092
49 83 1140
49 81 1122
49 81 1080
49 81 1170
49 81 1086
49 81 1122
49 81 1164
49 81 1098
49 81 1122
49 81 1038
