34 81 660
34 81 684
34 81 774
34 81 684
34 81 666
34 81 696
34 81 666
34 81 708
34 81 702
34 81 714
34 81 726
34 81 654
34 81 690
34 81 672
34 81 708
34 81 648
34 81 642
34 81 648
34 81 678
34 81 648
34 81 654
34 81 678
34 81 690
34 81 654
34 81 612
34 81 636
34 81 684
34 81 648
34 81 690
34 81 726
34 81 714
34 81 684
34 81 684
34 81 714
34 81 702
34 81 708
34 81 684
34 81 654
34 81 690
34 81 636
34 81 678
34 81 762
34 81 678
34 81 654
34 81 654
34 81 648
34 81 684
34 81 654
34 81 672
34 81 642
34 81 666
34 81 612
34 81 684
34 81 642
34 81 666
34 81 600
34 81 612
34 81 696
34 81 690
34 81 666
34 81 630
34 81 636
34 81 726
34 81 720
34 81 702
34 81 630
34 81 684
34 81 702
34 81 660
34 81 678
34 81 648
34 81 654
34 81 654
34 81 654
34 81 654
34 81 726
34 81 642
34 81 618
34 81 618
34 81 648
34 81 630
34 81 696
34 81 636
34 81 666
34 81 714
34 81 648
34 81 594
34 81 648
34 81 732
34 81 660
34 81 636
34 81 720
34 81 618
34 81 708
34 81 648
34 81 648
34 81 672
34 81 714
34 81 708
34 81 654
34 81 726
34 81 666
34 81 642
34 81 606
34 81 660
34 81 714
34 81 636
34 81 672
34 81 696
34 81 642
34 81 732
34 81 696
34 81 642
34 81 684
34 81 684
34 81 648
34 81 744
34 81 684
34 81 726
34 81 660
34 81 648
34 81 648
34 81 714
34 81 678
34 81 630
34 81 660
34 81 678
34 81 612
34 81 672
34 81 624
34 81 666
34 81 708
34 81 702
34 81 618
34 81 690
34 81 654
34 81 660
34 81 702
34 81 642
34 81 696
34 81 660
34 81 636
34 81 654
34 81 738
34 81 720
34 81 636
34 81 672
34 81 636
34 81 636
34 81 732
34 81 654
34 81 654
34 81 654
34 81 690
34 81 654
34 81 630
34 81 666
34 81 672
34 81 630
34 81 732
34 81 690
34 81 672
34 81 636
34 81 648
34 81 636
34 81 660
34 81 654
34 81 636
34 81 714
34 81 714
34 81 666
34 81 672
34 81 738
34 81 624
34 81 654
34 81 726
34 81 594
34 81 720
34 81 696
34 81 636
34 81 702
34 81 684
34 81 654
34 81 702
34 81 612
34 81 684
34 81 720
34 81 672
34 81 672
34 81 648
34 81 672
34 81 690
34 81 654
34 81 714
34 81 636
34 81 690
34 81 654
34 81 696
34 81 666
34 81 678
34 81 648
34 81 624
34 81 720
34 81 684
34 81 642
34 81 654
34 81 588
34 81 708
34 81 702
34 81 660
34 81 648
34 81 624
34 81 690
34 81 654
34 81 654
34 81 678
34 81 672
34 81 708
34 81 660
34 81 672
34 81 636
34 81 648
34 81 654
34 81 714
34 81 702
34 81 684
34 81 678
34 81 708
34 81 666
34 81 678
34 81 636
34 81 648
34 81 678
34 81 654
34 81 660
34 81 672
34 81 690
34 81 726
34 81 654
34 81 714
34 81 666
34 81 648
34 81 612
34 81 708
34 81 726
34 81 672
34 81 660
34 81 732
34 81 678
34 81 654
34 81 696
34 81 678
34 81 636
34 81 696
34 81 708
34 81 714
34 81 690
34 81 600
34 81 654
34 81 672
34 81 660
34 81 648
34 81 690
34 81 636
34 81 690
34 81 660
34 81 636
34 81 624
34 81 582
34 81 720
34 81 624
34 81 738
34 81 648
34 81 624
34 81 660
34 81 660
34 81 678
34 81 612
34 81 618
34 81 684
34 81 672
34 81 630
34 81 732
34 81 612
34 81 678
34 81 672
34 81 654
34 81 678
34 81 648
34 81 654
34 81 714
34 81 696
34 81 708
34 81 690
34 81 666
34 81 648
34 81 702
34 81 660
34 81 738
34 81 690
34 81 726
34 81 636
34 81 648
34 81 696
34 81 636
34 81 690
34 81 678
34 81 702
34 81 684
34 81 672
34 81 678
34 81 690
34 81 666
34 81 720
34 81 690
34 81 726
34 81 684
34 81 636
34 81 660
34 81 690
34 81 714
34 81 666
34 81 636
34 81 672
34 81 660
34 81 696
34 81 696
34 81 636
34 81 714
34 81 672
34 81 690
34 81 690
34 81 684
34 81 654
34 81 696
34 81 666
34 81 672
34 81 660
34 81 696
34 81 666
34 81 720
34 81 660
34 81 708
34 81 660
34 81 648
34 81 678
34 81 744
34 81 678
34 81 642
34 81 642
34 81 654
34 81 672
34 81 630
34 81 666
34 81 684
34 81 624
34 81 672
34 81 648
34 81 702
34 81 726
34 81 654
34 81 708
34 81 690
34 81 696
34 81 708
34 81 630
34 81 654
34 81 678
34 81 588
34 81 672
34 81 678
34 81 636
34 81 732
34 81 756
34 81 678
34 81 666
34 81 600
34 81 618
34 81 684
34 81 702
34 81 714
34 81 702
34 81 690
34 81 672
34 81 678
34 81 666
34 81 696
34 81 666
34 81 660
34 81 678
34 81 726
34 81 702
34 81 654
34 81 684
34 81 690
34 81 666
34 81 618
34 81 630
34 81 624
34 81 702
34 81 708
34 81 642
34 81 666
34 81 666
34 81 714
34 81 690
34 81 672
34 81 678
34 81 696
34 81 612
34 81 666
34 81 642
34 81 678
34 81 654
34 81 588
34 81 654
34 81 672
34 81 684
34 81 702
34 81 690
34 81 618
34 81 654
34 81 804
34 81 702
34 81 624
34 81 636
34 81 648
34 81 636
34 81 606
34 81 648
34 81 684
34 81 666
34 81 684
34 81 666
34 81 690
34 81 654
34 81 666
34 81 684
34 81 690
34 81 678
34 81 660
34 81 648
34 81 654
34 81 720
34 81 618
34 81 714
34 81 714
34 81 684
34 81 684
34 81 684
34 81 720
34 81 660
34 81 654
34 81 642
34 81 630
34 81 660
34 81 672
34 81 648
34 81 672
34 81 636
34 81 624
34 81 714
34 81 672
34 81 684
34 81 648
34 81 666
34 81 726
34 81 642
34 81 672
34 81 672
34 81 630
34 81 720
34 81 708
34 81 624
34 81 678
34 81 678
34 81 636
34 81 612
34 81 702
34 81 672
34 81 636
34 81 648
34 81 690
34 81 606
34 81 696
34 81 684
34 81 642
34 81 732
34 81 648
34 81 636
34 81 678
34 81 696
34 81 702
34 81 678
34 81 654
34 81 720
34 81 774
34 81 654
34 81 630
34 81 708
34 81 696
34 81 714
34 81 690
34 81 636
34 81 720
34 81 672
34 81 618
34 81 696
34 81 732
34 81 714
34 81 660
34 81 594
34 81 648
34 81 666
34 81 660
34 81 768
34 81 660
34 81 606
34 81 690
34 81 690
34 81 660
34 81 654
34 81 648
34 81 606
34 81 678
34 81 714
34 81 690
34 81 690
34 81 660
34 81 666
34 81 690
34 81 660
34 81 672
34 81 606
34 81 696
34 81 660
34 81 666
34 81 624
34 81 660
34 81 666
34 81 678
34 81 660
34 81 732
34 81 672
34 81 678
34 81 672
34 81 696
34 81 648
34 81 684
34 81 648
34 81 630
34 81 654
34 81 678
34 81 702
34 81 642
34 81 672
34 81 684
34 81 636
34 81 684
34 81 648
34 81 684
34 81 660
34 81 738
34 81 636
34 81 666
34 81 714
34 81 660
34 81 696
34 81 666
34 81 630
34 81 648
34 81 648
34 81 708
34 81 684
34 81 732
34 81 690
34 81 678
34 81 666
34 81 708
34 81 636
34 81 750
34 81 630
34 81 624
34 81 672
34 81 642
34 81 672
34 81 648
34 81 696
34 81 672
34 81 606
34 81 636
34 81 720
34 81 624
34 81 660
34 81 648
34 81 750
34 81 714
34 81 708
34 81 648
34 81 594
34 81 666
34 81 642
34 81 672
34 81 684
34 81 672
34 81 660
34 81 696
34 81 696
34 81 708
34 81 666
34 81 678
34 81 648
34 81 630
34 81 714
34 81 678
34 81 672
34 81 738
34 81 648
34 81 630
34 81 636
34 81 666
34 81 720
34 81 690
34 81 606
34 81 648
34 81 726
34 81 678
34 81 672
34 81 684
34 81 654
34 81 672
34 81 672
34 81 666
34 81 672
34 81 606
34 81 678
34 81 726
34 81 726
34 81 648
34 81 672
34 81 708
34 81 690
34 81 732
34 81 708
34 81 708
34 81 612
34 81 672
34 81 732
34 81 630
34 81 606
34 81 666
34 81 720
34 81 672
34 81 672
34 81 684
34 81 636
34 81 672
34 81 672
34 81 648
34 81 708
34 81 702
34 81 678
34 81 648
34 81 666
34 81 672
34 81 678
34 81 672
34 81 678
34 81 660
34 81 690
34 81 666
34 81 654
34 81 642
34 81 696
34 81 648
34 81 642
34 81 684
34 81 684
34 81 630
34 81 708
34 81 636
34 81 738
34 81 648
34 81 648
34 81 696
34 81 678
34 81 642
34 81 732
34 81 696
34 81 636
34 81 714
34 81 702
34 81 642
34 81 630
34 81 702
34 81 690
34 81 648
34 81 720
34 81 678
34 81 654
34 81 636
34 81 726
34 81 618
34 81 702
34 81 648
34 81 678
34 81 660
34 81 624
34 81 672
34 81 624
34 81 666
34 81 648
34 81 678
34 81 696
34 81 636
34 81 714
34 81 636
34 81 684
34 81 672
34 81 642
34 81 702
34 81 696
34 81 678
34 81 690
34 81 696
34 81 624
34 81 702
34 81 708
34 81 690
34 81 732
34 81 684
34 81 708
34 81 678
34 81 708
34 81 636
34 81 630
34 81 678
34 81 660
34 81 642
34 81 660
34 81 672
34 81 642
34 81 666
34 81 642
34 81 702
34 81 642
34 81 702
34 81 630
34 81 666
34 81 624
34 81 666
34 81 660
34 81 636
34 81 672
34 81 636
34 81 684
34 81 630
34 81 726
34 81 666
34 81 654
34 81 714
34 81 672
34 81 678
34 81 654
34 81 714
34 81 642
34 81 708
34 81 732
34 81 660
34 81 612
34 81 708
34 81 678
34 81 618
34 81 678
34 81 660
34 81 624
34 81 684
34 81 684
34 81 684
34 81 660
34 81 714
34 81 678
34 81 660
34 81 696
34 81 672
34 81 636
34 81 612
34 81 696
34 81 714
34 81 678
34 81 684
34 81 690
34 81 672
34 81 630
34 81 696
34 81 642
34 81 678
34 81 678
34 81 648
34 81 666
34 81 726
34 81 732
34 81 624
34 81 648
34 81 774
34 81 660
34 81 678
34 81 702
34 81 630
34 81 672
34 81 648
34 81 642
34 81 582
34 81 702
34 81 666
34 81 738
34 81 720
34 81 666
34 81 660
34 81 660
34 81 684
34 81 648
34 81 624
34 81 636
34 81 654
34 81 660
34 81 708
34 81 684
34 81 618
34 81 636
34 81 726
34 81 672
34 81 678
34 81 630
34 81 672
34 81 642
34 81 666
34 81 624
34 81 630
34 81 624
34 81 672
34 81 648
34 81 636
34 81 642
34 81 648
34 81 612
34 81 660
34 81 630
34 81 636
34 81 678
34 81 720
34 81 702
34 81 666
34 81 690
34 81 726
34 81 672
34 81 654
34 81 714
34 81 636
34 81 654
34 81 654
34 81 714
34 81 660
34 81 654
34 81 666
34 81 630
34 81 642
34 81 738
34 81 630
34 81 690
34 81 636
34 81 636
34 81 672
34 81 702
34 81 708
34 81 714
34 81 612
34 81 714
34 81 654
34 81 672
34 81 708
34 81 696
34 81 690
34 81 714
34 81 630
34 81 702
34 81 642
34 81 672
34 81 714
34 81 666
34 81 642
34 81 678
34 81 672
34 81 678
34 81 720
34 81 666
34 81 714
34 81 696
34 81 708
34 81 720
34 81 654
34 81 648
34 81 594
34 81 630
34 81 672
34 81 684
34 81 672
34 81 600
34 81 660
34 81 720
34 81 732
34 81 696
34 81 702
34 81 702
34 81 618
34 81 642
34 81 642
34 81 636
34 81 714
34 81 654
34 81 660
34 81 654
34 81 624
34 81 654
34 81 672
34 81 696
34 81 684
34 81 642
34 81 780
34 81 648
34 81 690
34 81 696
34 81 684
34 81 684
34 81 672
34 81 636
34 81 642
34 81 660
34 81 684
34 81 720
34 81 696
34 81 678
34 81 648
34 81 672
34 81 678
34 81 630
34 81 636
34 81 696
34 81 648
34 81 720
34 81 696
34 81 618
34 81 648
34 81 696
34 81 636
34 81 702
34 81 612
34 81 588
34 81 660
34 81 618
34 81 666
34 81 618
34 81 672
34 81 666
34 81 648
34 81 684
34 81 642
34 81 672
34 81 660
34 81 642
34 81 654
34 81 714
34 81 660
34 81 624
34 81 720
34 81 642
34 81 606
34 81 630
34 81 684
34 81 642
34 81 642
34 81 648
34 81 648
34 81 612
34 81 672
34 81 654
34 81 738
34 81 636
34 81 690
34 81 636
34 81 696
34 81 756
34 81 606
34 81 606
34 81 636
34 81 702
34 81 618
34 81 618
34 81 702
34 81 672
