40 81 780
40 81 732
40 81 930
40 81 744
40 81 870
40 81 828
40 81 756
40 81 864
40 81 744
40 81 840
40 81 798
40 81 834
40 81 834
40 81 840
40 81 816
40 81 810
40 81 792
40 81 822
40 81 780
40 81 804
40 81 798
40 81 738
40 81 798
40 81 870
40 81 804
40 81 732
40 81 822
40 81 828
40 81 912
40 81 792
40 81 834
40 81 828
40 81 726
40 81 882
40 81 858
40 81 774
40 81 786
40 81 870
40 81 804
40 81 822
40 81 774
40 81 834
40 81 816
40 81 852
40 81 768
40 81 846
40 81 816
40 81 726
40 81 840
40 81 750
40 81 810
40 81 864
40 81 762
40 81 786
40 81 882
40 81 798
40 81 738
40 81 780
40 81 906
40 81 804
40 81 846
40 81 702
40 81 738
40 81 744
40 81 810
40 81 816
40 81 780
40 81 816
40 81 804
40 81 792
40 81 792
40 81 792
40 81 816
40 81 828
40 81 816
40 81 810
40 81 828
40 81 804
40 81 894
40 81 810
40 81 786
40 81 840
40 81 912
40 81 798
40 81 894
40 81 762
40 81 738
40 81 876
40 81 906
40 81 870
40 81 762
40 81 768
40 81 816
40 81 786
40 81 762
40 81 792
40 81 816
40 81 768
40 81 870
40 81 780
40 81 804
40 81 828
40 81 840
40 81 864
40 81 822
40 81 786
40 81 846
40 81 768
40 81 834
40 81 774
40 81 810
40 81 858
40 81 804
40 81 774
40 81 822
40 81 822
40 81 762
40 81 804
40 81 834
40 81 822
40 81 828
40 81 804
40 81 774
40 81 816
40 81 810
40 81 768
40 81 882
40 81 804
40 81 798
40 81 786
40 81 732
40 81 810
40 81 750
40 81 828
40 81 786
40 81 864
40 81 852
40 81 768
40 81 750
40 81 834
40 81 744
40 81 870
40 81 720
40 81 798
40 81 798
40 81 828
40 81 822
40 81 840
40 81 828
40 81 804
40 81 762
40 81 792
40 81 762
40 81 732
40 81 774
40 81 822
40 81 774
40 81 750
40 81 840
40 81 798
40 81 816
40 81 924
40 81 798
40 81 738
40 81 798
40 81 834
40 81 900
40 81 816
40 81 762
40 81 846
40 81 834
40 81 834
40 81 804
40 81 780
40 81 864
40 81 846
40 81 804
40 81 720
40 81 816
40 81 792
40 81 798
40 81 852
40 81 882
40 81 894
40 81 810
40 81 768
40 81 810
40 81 786
40 81 894
40 81 798
40 81 846
40 81 822
40 81 750
40 81 852
40 81 768
40 81 816
40 81 798
40 81 822
40 81 732
40 81 870
40 81 816
40 81 882
40 81 756
40 81 798
40 81 846
40 81 822
40 81 720
40 81 858
40 81 822
40 81 804
40 81 708
40 81 780
40 81 738
40 81 828
40 81 900
40 81 732
40 81 744
40 81 816
40 81 762
40 81 774
40 81 768
40 81 792
40 81 804
40 81 846
40 81 798
40 81 822
40 81 774
40 81 744
40 81 828
40 81 804
40 81 798
40 81 702
40 81 834
40 81 768
40 81 906
40 81 870
40 81 804
40 81 876
40 81 750
40 81 774
40 81 738
40 81 768
40 81 804
40 81 906
40 81 816
40 81 810
40 81 726
40 81 942
40 81 756
40 81 732
40 81 822
40 81 762
40 81 750
40 81 804
40 81 756
40 81 978
40 81 816
40 81 744
40 81 774
40 81 816
40 81 768
40 81 792
40 81 822
40 81 852
40 81 840
40 81 768
40 81 738
40 81 762
40 81 762
40 81 720
40 81 762
40 81 804
40 86 912
40 81 750
40 81 864
40 81 858
40 81 864
40 81 816
40 81 810
40 81 852
40 81 720
40 81 756
40 81 882
40 81 720
40 81 750
40 81 828
40 81 792
40 81 714
40 81 792
40 81 750
40 81 816
40 81 774
40 81 822
40 81 828
40 81 780
40 81 780
40 81 834
40 81 792
40 81 792
40 81 792
40 81 924
40 81 768
40 81 816
40 81 774
40 81 786
40 81 768
40 81 858
40 81 768
40 81 918
40 81 780
40 81 804
40 81 840
40 81 786
40 81 882
40 81 798
40 81 750
40 81 792
40 81 780
40 81 804
40 81 852
40 81 858
40 81 846
40 81 816
40 81 864
40 81 816
40 81 804
40 81 852
40 81 780
40 81 762
40 81 780
40 81 858
40 81 846
40 81 774
40 81 804
40 81 822
40 81 822
40 81 834
40 81 828
40 81 828
40 81 798
40 81 822
40 81 792
40 81 738
40 81 876
40 81 720
40 81 834
40 81 774
40 81 834
40 81 834
40 81 780
40 81 762
40 81 756
40 81 792
40 81 750
40 81 810
40 81 780
40 81 732
40 81 786
40 81 756
40 81 804
40 81 750
40 81 774
40 81 822
40 81 786
40 81 804
40 81 870
40 81 756
40 81 852
40 81 804
40 81 786
40 81 840
40 81 750
40 81 798
40 81 744
40 81 816
40 81 888
40 81 822
40 81 828
40 81 690
40 81 786
40 81 870
40 81 768
40 81 816
40 81 768
40 81 756
40 81 846
40 81 798
40 81 864
40 81 786
40 81 810
40 81 774
40 81 846
40 81 822
40 81 804
40 81 780
40 81 786
40 81 840
40 81 840
40 81 834
40 81 780
40 81 750
40 81 780
40 81 780
40 81 798
40 81 822
40 81 876
40 81 810
40 81 810
40 81 810
40 81 858
40 81 840
40 81 708
40 81 786
40 81 798
40 81 816
40 81 840
40 81 834
40 81 816
40 81 816
40 81 780
40 81 822
40 81 852
40 81 774
40 81 708
40 81 756
40 81 774
40 81 810
40 81 726
40 81 822
40 81 822
40 81 780
40 81 774
40 81 792
40 81 834
40 81 840
40 81 828
40 81 822
40 81 786
40 81 906
40 81 774
40 81 858
40 81 804
40 81 804
40 81 744
40 81 822
40 81 834
40 81 828
40 81 792
40 81 846
40 81 798
40 81 828
40 81 798
40 81 834
40 81 840
40 81 840
40 81 852
40 81 786
40 81 816
40 81 810
40 81 822
40 81 846
40 81 786
40 81 822
40 81 858
40 81 840
40 81 846
40 81 762
40 81 852
40 81 762
40 81 804
40 81 792
40 81 804
40 81 798
40 81 810
40 81 828
40 81 852
40 81 804
40 81 804
40 81 774
40 81 912
40 81 780
40 81 864
40 81 846
40 81 834
40 81 780
40 81 816
40 81 804
40 81 810
40 81 780
40 81 876
40 81 780
40 81 786
40 81 864
40 81 852
40 81 780
40 81 822
40 81 774
40 81 816
40 81 792
40 81 852
40 81 762
40 81 822
40 81 810
40 81 774
40 81 870
40 81 894
40 81 804
40 81 738
40 81 828
40 81 834
40 81 864
40 81 774
40 81 840
40 81 804
40 81 810
40 81 876
40 81 792
40 81 858
40 81 774
40 81 840
40 81 750
40 81 732
40 81 822
40 81 906
40 81 798
40 81 762
40 81 762
40 81 804
40 81 822
40 81 774
40 81 798
40 81 768
40 81 792
40 81 834
40 81 828
40 81 804
40 81 852
40 81 810
40 81 762
40 81 804
40 81 798
40 81 720
40 81 810
40 81 762
40 81 882
40 81 762
40 81 888
40 81 822
40 81 828
40 81 786
40 81 858
40 81 774
40 81 768
40 81 822
40 81 876
40 81 900
40 81 762
40 81 828
40 81 720
40 81 666
40 81 828
40 81 846
40 81 738
40 81 804
40 81 882
40 81 762
40 81 726
40 81 798
40 81 852
40 81 834
40 81 816
40 81 792
40 81 876
40 81 786
40 81 786
40 81 774
40 81 804
40 81 858
40 81 732
40 81 822
40 81 798
40 81 774
40 81 732
40 81 744
40 81 876
40 81 810
40 81 780
40 81 786
40 81 876
40 81 792
40 81 672
40 81 834
40 81 804
40 81 780
40 81 852
40 81 864
40 81 882
40 81 738
40 81 822
40 81 810
40 81 816
40 81 828
40 81 810
40 81 804
40 81 912
40 81 888
40 81 846
40 81 846
40 81 870
40 81 852
40 81 798
40 81 768
40 81 810
40 81 822
40 81 786
40 81 822
40 81 792
40 81 828
40 81 756
40 81 816
40 81 882
40 81 798
40 81 822
40 81 768
40 81 870
40 81 768
40 81 798
40 81 876
40 81 798
40 81 732
40 81 786
40 81 852
40 81 774
40 81 858
40 81 786
40 81 768
40 81 714
40 81 906
40 81 828
40 81 852
40 81 762
40 81 786
40 81 864
40 81 852
40 81 780
40 81 780
40 81 822
40 81 816
40 81 792
40 81 798
40 81 768
40 81 786
40 81 834
40 81 858
40 81 744
40 81 822
40 81 774
40 81 762
40 81 852
40 81 768
40 81 828
40 81 714
40 81 780
40 81 816
40 81 744
40 81 834
40 81 894
40 81 756
40 81 870
40 81 798
40 81 774
40 81 858
40 81 888
40 81 852
40 81 852
40 81 822
40 81 798
40 81 810
40 81 738
40 85 942
40 81 792
40 81 810
40 81 780
40 81 858
40 81 756
40 81 834
40 81 852
40 81 798
40 81 810
40 81 834
40 81 816
40 81 810
40 81 864
40 81 798
40 81 882
40 81 708
40 81 798
40 81 804
40 81 744
40 81 786
40 81 786
40 81 768
40 81 834
40 81 786
40 81 804
40 81 822
40 81 822
40 81 822
40 81 846
40 81 822
40 81 852
40 81 774
40 81 720
40 81 756
40 81 822
40 81 774
40 81 732
40 81 834
40 81 780
40 81 882
40 81 780
40 81 786
40 81 816
40 81 774
40 81 816
40 81 828
40 81 912
40 81 828
40 81 714
40 81 792
40 81 840
40 81 798
40 81 786
40 81 852
40 81 804
40 81 864
40 81 864
40 81 888
40 81 864
40 81 798
40 81 798
40 81 846
40 81 780
40 81 780
40 81 840
40 81 816
40 81 756
40 81 762
40 81 804
40 81 828
40 81 834
40 81 780
40 81 804
40 81 858
40 81 756
40 81 768
40 81 810
40 81 828
40 81 732
40 81 732
40 81 858
40 81 780
40 81 726
40 81 882
40 81 834
40 81 774
40 81 750
40 81 816
40 81 834
40 81 780
40 81 768
40 81 792
40 81 816
40 81 852
40 81 768
40 81 834
40 81 846
40 81 780
40 81 816
40 81 822
40 81 804
40 81 864
40 81 786
40 81 750
40 81 858
40 81 810
40 81 822
40 81 714
40 81 840
40 81 780
40 81 768
40 81 726
40 81 756
40 81 804
40 81 810
40 81 714
40 81 750
40 81 828
40 81 738
40 81 804
40 81 804
40 81 792
40 81 804
40 81 846
40 81 792
40 81 768
40 81 780
40 81 768
40 81 774
40 81 786
40 81 834
40 81 828
40 81 774
40 81 786
40 81 750
40 81 822
40 81 786
40 81 726
40 81 846
40 81 798
40 81 798
40 81 804
40 81 798
40 81 810
40 81 804
40 81 786
40 81 774
40 81 786
40 81 822
40 81 810
40 81 882
40 81 822
40 81 768
40 81 852
40 81 822
40 81 822
40 81 834
40 81 804
40 81 750
40 81 780
40 81 750
40 81 804
40 81 744
40 81 780
40 81 786
40 81 780
40 81 780
40 81 792
40 81 762
40 81 858
40 81 726
40 81 774
40 81 774
40 81 816
40 81 792
40 81 774
40 81 810
40 81 816
40 81 804
40 81 768
40 81 786
40 81 852
40 81 822
40 81 738
40 81 768
40 81 768
40 81 708
40 81 810
40 81 798
40 81 834
40 81 756
40 81 744
40 81 762
40 81 786
40 81 798
40 81 822
40 81 756
40 81 780
40 81 828
40 81 822
40 81 822
40 81 780
40 81 882
40 81 750
40 81 798
40 81 792
40 81 774
40 81 762
40 81 852
40 81 756
40 81 828
40 81 822
40 81 780
40 81 768
40 81 762
40 81 816
40 81 804
40 81 762
40 81 804
40 81 852
40 81 732
40 81 798
40 81 846
40 81 810
40 81 864
40 81 780
40 81 810
40 81 750
40 81 876
40 81 822
40 81 786
40 81 840
40 81 756
40 81 780
40 81 810
40 81 792
40 81 762
40 81 756
40 81 762
40 81 792
40 81 846
40 81 810
40 81 756
40 81 846
40 81 840
40 81 780
40 81 810
40 81 792
40 81 846
40 81 732
40 81 822
40 81 810
40 81 786
40 81 798
40 81 828
40 81 798
40 81 804
40 81 732
40 81 828
40 81 858
40 81 786
40 81 822
40 81 810
40 81 828
40 81 804
40 81 852
40 81 780
40 81 840
40 81 816
40 81 822
40 81 864
40 81 786
40 81 960
40 81 792
40 81 840
40 81 792
40 81 834
40 81 870
40 81 852
40 81 756
40 81 762
40 81 828
40 81 720
40 81 822
40 81 774
40 81 798
40 81 720
40 81 786
40 81 876
40 81 864
40 81 792
40 81 834
40 81 822
40 81 846
40 81 756
40 81 792
40 81 774
40 81 852
40 81 852
40 81 894
40 81 840
40 81 786
40 81 822
40 81 810
40 81 804
40 81 816
40 81 828
40 81 738
40 81 846
40 81 858
40 81 858
40 81 864
40 81 792
40 81 774
40 81 780
40 81 792
40 81 762
40 81 828
40 81 864
40 81 732
