39 81 756
39 81 804
39 81 822
39 81 798
39 81 738
39 81 780
39 81 726
39 81 780
39 81 852
39 81 786
39 81 744
39 81 792
39 81 786
39 81 792
39 81 744
39 81 774
39 81 768
39 81 714
39 81 708
39 81 714
39 81 804
39 81 744
39 81 750
39 81 804
39 81 768
39 81 792
39 81 702
39 81 768
39 81 690
39 81 828
39 81 774
39 81 828
39 81 822
39 81 762
39 81 888
39 81 762
39 81 768
39 81 774
39 81 852
39 81 750
39 81 786
39 81 744
39 81 750
39 81 696
39 81 804
39 81 828
39 81 816
39 81 810
39 81 876
39 81 732
39 81 774
39 81 792
39 81 702
39 81 792
39 81 726
39 81 786
39 81 804
39 81 780
39 81 756
39 81 780
39 81 786
39 81 750
39 81 750
39 81 852
39 81 792
39 81 750
39 81 780
39 81 750
39 81 774
39 81 828
39 81 828
39 81 834
39 81 792
39 81 744
39 81 780
39 81 834
39 81 804
39 81 738
39 81 804
39 81 768
39 81 822
39 81 768
39 81 762
39 81 804
39 81 786
39 81 756
39 81 822
39 81 804
39 81 786
39 81 726
39 81 834
39 81 726
39 81 828
39 81 792
39 81 792
39 81 786
39 81 816
39 81 762
39 81 774
39 81 834
39 81 786
39 81 810
39 81 780
39 81 762
39 81 780
39 81 756
39 81 768
39 81 744
39 81 762
39 81 822
39 81 834
39 81 780
39 81 720
39 81 738
39 81 678
39 81 720
39 81 828
39 81 726
39 81 780
39 81 762
39 81 816
39 90 978
39 81 780
39 81 774
39 81 762
39 81 726
39 81 834
39 81 738
39 81 852
39 81 786
39 81 726
39 81 804
39 81 774
39 81 756
39 81 756
39 81 738
39 81 774
39 81 852
39 81 732
39 81 780
39 81 756
39 81 768
39 81 792
39 81 828
39 81 774
39 81 744
39 81 756
39 81 768
39 81 804
39 81 816
39 81 888
39 81 774
39 81 756
39 81 744
39 81 798
39 81 774
39 81 786
39 81 894
39 81 798
39 81 708
39 81 840
39 81 762
39 81 768
39 81 810
39 81 810
39 81 816
39 81 780
39 81 810
39 81 756
39 81 822
39 81 732
39 81 738
39 81 756
39 81 840
39 81 780
39 81 804
39 81 822
39 81 774
39 81 720
39 81 798
39 81 756
39 81 780
39 81 762
39 81 702
39 81 822
39 81 834
39 81 768
39 81 798
39 81 774
39 81 768
39 81 720
39 81 774
39 81 840
39 81 774
39 81 840
39 81 804
39 81 738
39 81 810
39 81 774
39 81 738
39 81 816
39 81 864
39 81 774
39 81 756
39 81 768
39 81 768
39 81 768
39 81 906
39 81 798
39 81 768
39 81 870
39 81 720
39 81 834
39 81 786
39 81 882
39 81 738
39 81 774
39 81 786
39 81 810
39 81 774
39 81 798
39 81 840
39 81 804
39 81 756
39 81 744
39 81 786
39 81 858
39 81 798
39 81 690
39 81 780
39 81 732
39 81 726
39 81 744
39 81 720
39 81 744
39 81 888
39 81 852
39 81 798
39 81 768
39 81 804
39 81 744
39 81 762
39 81 756
39 81 702
39 81 768
39 81 744
39 81 732
39 81 720
39 81 786
39 81 846
39 81 780
39 81 684
39 81 798
39 81 786
39 81 840
39 81 732
39 81 750
39 81 780
39 81 738
39 81 756
39 81 720
39 81 744
39 81 750
39 81 768
39 81 804
39 81 780
39 81 714
39 81 822
39 81 726
39 81 810
39 81 720
39 81 798
39 81 846
39 81 690
39 81 744
39 81 732
39 81 780
39 81 774
39 81 888
39 81 834
39 81 762
39 81 816
39 81 768
39 81 786
39 81 822
39 81 792
39 81 816
39 81 792
39 81 816
39 81 738
39 81 720
39 81 828
39 81 858
39 81 756
39 81 720
39 81 702
39 81 774
39 81 726
39 81 816
39 81 774
39 81 738
39 81 798
39 81 834
39 81 750
39 81 792
39 81 750
39 81 774
39 81 768
39 81 774
39 81 798
39 81 786
39 81 846
39 81 816
39 81 810
39 81 804
39 81 756
39 81 834
39 81 792
39 81 816
39 81 846
39 81 744
39 81 798
39 81 756
39 81 798
39 81 720
39 81 756
39 81 750
39 81 768
39 81 738
39 81 798
39 81 774
39 81 792
39 81 744
39 81 786
39 81 810
39 81 846
39 81 780
39 81 810
39 81 678
39 81 780
39 81 744
39 81 702
39 81 768
39 81 738
39 81 774
39 81 834
39 81 738
39 81 852
39 81 750
39 81 720
39 81 840
39 81 750
39 81 828
39 81 810
39 81 792
39 81 780
39 81 756
39 81 852
39 81 768
39 81 720
39 81 816
39 81 774
39 81 726
39 81 774
39 81 762
39 81 792
39 81 780
39 81 846
39 81 768
39 81 744
39 81 720
39 81 750
39 81 750
39 81 768
39 81 816
39 81 750
39 81 786
39 81 720
39 81 780
39 81 768
39 81 780
39 81 786
39 81 822
39 81 804
39 81 744
39 81 762
39 81 726
39 81 852
39 81 792
39 81 792
39 81 762
39 81 708
39 81 756
39 81 684
39 81 738
39 81 822
39 81 786
39 81 894
39 81 846
39 81 768
39 81 756
39 81 780
39 81 774
39 81 804
39 81 792
39 81 828
39 81 756
39 81 756
39 81 792
39 81 774
39 81 798
39 81 738
39 81 804
39 81 720
39 81 774
39 81 738
39 81 732
39 81 738
39 81 894
39 81 792
39 81 804
39 81 768
39 81 768
39 81 738
39 81 744
39 81 864
39 81 798
39 81 768
39 81 816
39 81 798
39 81 780
39 81 738
39 81 804
39 81 804
39 81 732
39 81 846
39 81 804
39 81 702
39 81 798
39 81 828
39 81 792
39 81 798
39 81 774
39 81 774
39 81 804
39 81 720
39 81 750
39 81 756
39 81 798
39 81 732
39 81 840
39 81 786
39 81 798
39 81 744
39 81 756
39 81 738
39 81 798
39 81 798
39 81 840
39 81 768
39 81 786
39 81 708
39 81 786
39 81 792
39 81 786
39 81 702
39 81 798
39 81 738
39 81 786
39 81 720
39 81 744
39 81 786
39 81 720
39 81 798
39 81 744
39 81 732
39 81 792
39 81 726
39 81 720
39 81 726
39 81 750
39 81 810
39 81 774
39 81 804
39 81 798
39 81 726
39 81 714
39 81 792
39 81 780
39 81 828
39 81 714
39 81 816
39 81 762
39 81 792
39 81 822
39 81 792
39 81 846
39 81 720
39 81 756
39 81 816
39 81 756
39 81 750
39 81 786
39 81 762
39 81 684
39 81 744
39 81 804
39 81 744
39 81 786
39 81 846
39 81 768
39 81 828
39 81 834
39 81 690
39 81 768
39 81 756
39 81 852
39 81 834
39 81 744
39 81 726
39 81 774
39 81 774
39 81 792
39 81 702
39 81 756
39 81 798
39 81 732
39 81 864
39 81 750
39 81 726
39 81 750
39 81 774
39 81 804
39 81 792
39 81 798
39 81 750
39 81 720
39 81 804
39 81 732
39 81 726
39 81 828
39 81 756
39 81 738
39 81 804
39 81 816
39 81 798
39 81 846
39 81 732
39 81 852
39 81 828
39 81 786
39 81 738
39 81 762
39 81 834
39 81 822
39 81 798
39 81 768
39 81 792
39 81 738
39 81 774
39 81 792
39 81 876
39 81 876
39 81 798
39 81 768
39 81 828
39 81 774
39 81 798
39 81 732
39 81 756
39 81 792
39 81 774
39 81 780
39 81 804
39 81 762
39 81 756
39 81 780
39 81 750
39 81 798
39 81 774
39 81 732
39 81 780
39 81 828
39 81 726
39 81 702
39 81 756
39 81 804
39 81 804
39 81 744
39 81 714
39 81 798
39 81 846
39 81 732
39 81 774
39 81 750
39 81 768
39 81 690
39 81 756
39 81 840
39 81 798
39 81 762
39 81 774
39 81 774
39 81 744
39 81 762
39 81 756
39 81 828
39 81 804
39 81 750
39 81 774
39 81 702
39 81 804
39 81 798
39 81 714
39 81 858
39 81 804
39 81 780
39 81 798
39 81 792
39 81 876
39 81 792
39 81 744
39 81 762
39 81 864
39 81 780
39 81 810
39 81 786
39 81 726
39 81 762
39 81 816
39 81 702
39 81 798
39 81 690
39 81 798
39 81 756
39 81 858
39 81 768
39 81 786
39 81 774
39 81 666
39 81 804
39 81 768
39 81 822
39 81 768
39 81 750
39 81 756
39 81 774
39 81 744
39 81 708
39 81 732
39 81 708
39 81 786
39 81 804
39 81 810
39 81 756
39 81 714
39 81 768
39 81 744
39 81 798
39 81 780
39 81 810
39 81 738
39 81 768
39 81 750
39 81 756
39 81 756
39 81 810
39 81 798
39 81 786
39 81 708
39 81 798
39 81 708
39 81 768
39 81 774
39 81 756
39 81 774
39 81 744
39 81 768
39 81 858
39 81 750
39 81 744
39 81 792
39 81 768
39 81 786
39 81 726
39 81 792
39 81 768
39 81 768
39 81 786
39 81 774
39 81 798
39 81 828
39 81 756
39 81 792
39 81 696
39 81 780
39 81 840
39 81 762
39 81 732
39 81 738
39 81 726
39 81 780
39 81 726
39 81 828
39 81 792
39 81 744
39 81 792
39 81 708
39 81 756
39 81 738
39 81 798
39 81 780
39 81 822
39 81 756
39 81 750
39 81 756
39 81 834
39 81 840
39 81 732
39 81 690
39 81 768
39 81 732
39 81 738
39 81 810
39 81 792
39 81 768
39 81 774
39 81 702
39 81 816
39 81 750
39 81 738
39 81 726
39 81 768
39 81 780
39 81 684
39 81 846
39 81 714
39 81 828
39 81 792
39 81 750
39 81 786
39 81 798
39 81 792
39 81 768
39 81 756
39 81 810
39 81 828
39 81 810
39 81 798
39 81 852
39 81 726
39 81 774
39 81 738
39 81 756
39 81 744
39 81 828
39 81 714
39 81 792
39 81 888
39 81 642
39 81 888
39 81 744
39 81 792
39 81 822
39 81 774
39 81 744
39 81 738
39 81 786
39 81 834
39 81 744
39 81 786
39 81 822
39 81 792
39 81 762
39 81 786
39 81 720
39 81 882
39 81 762
39 81 780
39 81 756
39 81 780
39 81 822
39 81 702
39 81 822
39 81 792
39 81 792
39 81 786
39 81 714
39 81 798
39 81 792
39 81 744
39 81 714
39 81 828
39 81 744
39 81 732
39 81 798
39 81 816
39 81 810
39 81 828
39 81 810
39 81 738
39 81 726
39 81 768
39 81 810
39 81 750
39 81 756
39 81 774
39 81 732
39 81 768
39 81 792
39 81 834
39 81 792
39 81 816
39 81 834
39 81 780
39 81 798
39 81 882
39 81 744
39 81 690
39 81 690
39 81 792
39 81 804
39 81 804
39 81 762
39 81 720
39 81 762
39 81 792
39 81 756
39 81 726
39 81 816
39 81 738
39 81 738
39 81 780
39 81 810
39 81 744
39 81 774
39 81 750
39 81 726
39 81 840
39 81 720
39 81 774
39 81 780
39 81 738
39 81 750
39 81 786
39 81 786
39 81 798
39 81 744
39 81 810
39 81 756
39 81 732
39 81 756
39 81 762
39 81 726
39 81 822
39 81 792
39 81 816
39 81 768
39 81 750
39 81 780
39 81 768
39 81 744
39 81 780
39 81 780
39 81 792
39 81 756
39 81 768
39 81 870
39 81 768
39 81 828
39 81 750
39 81 792
39 81 726
39 81 810
39 81 720
39 81 846
39 81 792
39 81 768
39 81 816
39 81 858
39 81 750
39 81 708
39 81 744
39 81 906
39 81 870
39 81 822
39 81 810
39 81 750
39 81 762
39 81 732
39 81 756
39 81 804
39 81 792
39 81 786
39 81 852
39 81 708
39 81 846
39 81 846
39 81 828
39 81 798
39 81 744
39 81 774
39 81 780
39 81 834
39 81 720
39 81 744
39 81 840
39 81 762
39 81 792
39 81 738
39 81 744
39 81 756
39 81 732
39 81 762
39 81 732
39 81 720
39 81 804
39 81 756
39 81 798
39 81 840
39 81 774
39 81 816
39 81 786
39 81 810
39 81 810
39 81 756
39 81 822
39 81 786
39 81 738
39 81 786
39 81 828
39 81 780
39 81 714
39 81 822
39 81 810
39 81 774
39 81 810
39 81 822
39 81 726
39 81 804
39 81 786
39 81 750
39 81 816
39 81 774
39 81 774
39 81 750
39 81 798
39 81 786
39 81 792
39 81 750
39 81 786
39 81 762
39 81 822
39 81 780
39 81 798
39 81 798
39 81 774
39 81 768
39 81 762
39 81 750
39 81 690
39 81 858
39 81 840
39 81 738
39 81 792
39 81 780
39 81 798
39 81 786
39 81 780
39 81 738
39 81 822
39 81 774
39 81 732
39 81 768
39 81 744
39 81 792
39 81 768
39 81 810
39 81 798
39 81 792
39 81 774
39 81 840
39 81 846
39 81 762
39 81 732
39 81 810
39 81 786
39 81 732
39 81 810
39 81 852
39 81 822
39 81 798
39 81 756
39 81 792
39 81 810
39 81 756
39 81 708
39 81 888
39 81 738
39 81 798
