28 81 606
28 81 546
28 81 630
28 81 546
28 81 612
28 81 600
28 81 582
28 81 576
28 81 588
28 81 558
28 81 576
28 81 546
28 81 612
28 81 600
28 81 576
28 81 552
28 81 582
28 81 540
28 81 528
28 81 582
28 81 600
28 81 642
28 81 570
28 81 570
28 81 582
28 81 618
28 81 594
28 81 588
28 81 558
28 81 570
28 81 612
28 81 546
28 81 564
28 81 606
28 81 528
28 81 576
28 81 582
28 81 564
28 81 558
28 81 600
28 81 552
28 81 594
28 81 570
28 81 540
28 81 558
28 81 642
28 81 552
28 81 582
28 81 558
28 81 558
28 81 618
28 81 582
28 81 606
28 81 576
28 81 552
28 81 576
28 81 570
28 81 564
28 81 594
28 81 576
28 81 558
28 81 594
28 81 552
28 81 528
28 81 636
28 81 558
28 81 588
28 81 558
28 81 570
28 81 558
28 81 558
28 81 588
28 81 618
28 81 576
28 81 594
28 81 540
28 81 594
28 81 570
28 81 570
28 81 564
28 81 648
28 81 594
28 81 600
28 81 612
28 81 546
28 81 564
28 81 594
28 81 630
28 81 612
28 81 564
28 81 570
28 81 618
28 81 534
28 81 534
28 81 600
28 81 594
28 81 600
28 81 552
28 81 606
28 81 570
28 81 594
28 81 564
28 81 636
28 81 546
28 81 564
28 81 606
28 81 546
28 81 588
28 81 564
28 81 564
28 81 582
28 81 582
28 81 594
28 81 588
28 81 570
28 81 546
28 81 570
28 81 612
28 81 552
28 81 582
28 81 558
28 81 552
28 81 576
28 81 558
28 81 642
28 81 582
28 81 636
28 81 534
28 81 588
28 81 570
28 81 552
28 81 594
28 81 552
28 81 582
28 81 582
28 81 600
28 81 582
28 81 552
28 81 588
28 81 528
28 81 534
28 81 546
28 81 540
28 81 588
28 81 564
28 81 582
28 81 576
28 81 570
28 81 540
28 81 630
28 81 582
28 81 606
28 81 600
28 81 594
28 81 576
28 81 576
28 81 552
28 81 564
28 81 552
28 81 600
28 81 576
28 81 558
28 81 576
28 81 558
28 81 570
28 81 558
28 81 576
28 81 648
28 81 618
28 81 540
28 81 630
28 81 558
28 81 630
28 81 552
28 81 636
28 81 570
28 81 564
28 81 582
28 81 654
28 81 546
28 81 552
28 81 546
28 81 576
28 81 630
28 81 582
28 81 612
28 81 588
28 81 522
28 81 624
28 81 594
28 81 600
28 81 618
28 81 624
28 81 624
28 81 594
28 81 552
28 81 570
28 81 576
28 81 624
28 81 624
28 81 600
28 81 594
28 81 534
28 81 594
28 81 576
28 81 570
28 81 558
28 81 576
28 81 588
28 81 588
28 81 582
28 81 582
28 81 576
28 81 582
28 81 558
28 81 570
28 81 588
28 81 582
28 81 576
28 81 582
28 81 552
28 81 678
28 81 648
28 81 606
28 81 594
28 81 612
28 81 606
28 81 612
28 81 600
28 81 564
28 81 588
28 81 528
28 81 612
28 81 636
28 81 600
28 81 528
28 81 582
28 81 564
28 81 576
28 81 582
28 81 576
28 81 552
28 81 600
28 81 528
28 81 564
28 81 558
28 81 612
28 81 576
28 81 612
28 81 522
28 81 564
28 81 570
28 81 624
28 81 588
28 81 588
28 81 582
28 81 576
28 81 588
28 81 534
28 81 594
28 81 588
28 81 570
28 81 594
28 81 582
28 81 594
28 81 606
28 81 552
28 81 612
28 81 588
28 81 564
28 81 570
28 81 588
28 81 534
28 81 558
28 81 600
28 81 564
28 81 618
28 81 564
28 81 582
28 81 552
28 81 582
28 81 594
28 81 582
28 81 558
28 81 606
28 81 576
28 81 600
28 81 654
28 81 606
28 81 600
28 81 582
28 81 558
28 81 576
28 81 582
28 81 576
28 81 582
28 81 570
28 81 576
28 81 594
28 81 546
28 81 582
28 81 546
28 81 594
28 81 594
28 81 582
28 81 630
28 81 564
28 81 552
28 81 606
28 81 552
28 81 546
28 81 588
28 81 588
28 81 588
28 81 588
28 81 540
28 81 606
28 81 564
28 81 582
28 81 588
28 81 600
28 81 630
28 81 540
28 81 570
28 81 624
28 81 612
28 81 606
28 81 576
28 81 606
28 81 588
28 81 564
28 81 582
28 81 534
28 81 540
28 81 588
28 81 570
28 81 588
28 81 552
28 81 570
28 81 600
28 81 642
28 81 600
28 81 570
28 81 570
28 81 564
28 81 570
28 81 546
28 81 546
28 81 594
28 81 612
28 81 570
28 81 546
28 81 558
28 81 552
28 81 564
28 81 564
28 81 582
28 81 588
28 81 576
28 81 600
28 81 534
28 81 606
28 81 576
28 81 522
28 81 552
28 81 576
28 81 600
28 81 600
28 81 546
28 81 558
28 81 648
28 81 570
28 81 570
28 81 606
28 81 582
28 81 558
28 81 582
28 81 630
28 81 576
28 81 528
28 81 594
28 81 600
28 81 558
28 81 594
28 81 576
28 81 576
28 81 582
28 81 558
28 81 642
28 81 642
28 81 612
28 81 606
28 81 576
28 81 570
28 81 576
28 81 594
28 81 648
28 81 558
28 81 576
28 81 552
28 81 612
28 81 594
28 81 618
28 81 588
28 81 594
28 81 576
28 81 570
28 81 552
28 81 570
28 81 612
28 81 612
28 81 600
28 81 558
28 81 576
28 81 570
28 81 570
28 81 606
28 81 564
28 81 570
28 81 582
28 81 582
28 81 552
28 81 588
28 81 576
28 81 588
28 81 552
28 81 570
28 81 624
28 81 594
28 81 624
28 81 612
28 81 624
28 81 564
28 81 600
28 81 546
28 81 546
28 81 570
28 81 576
28 81 642
28 81 546
28 81 582
28 81 564
28 81 606
28 81 564
28 81 546
28 81 588
28 81 618
28 81 588
28 81 552
28 81 582
28 81 564
28 81 588
28 81 564
28 81 600
28 81 606
28 81 564
28 81 588
28 81 576
28 81 594
28 81 606
28 81 594
28 81 612
28 81 546
28 81 570
28 81 606
28 81 624
28 81 576
28 81 606
28 81 612
28 81 564
28 81 522
28 81 582
28 81 630
28 81 564
28 81 666
28 81 660
28 81 606
28 81 576
28 81 594
28 81 588
28 81 576
28 81 564
28 81 564
28 81 636
28 81 612
28 81 630
28 81 582
28 81 588
28 81 588
28 81 564
28 81 552
28 81 588
28 81 594
28 81 588
28 81 594
28 81 606
28 81 576
28 81 588
28 81 576
28 81 588
28 81 600
28 81 558
28 81 582
28 81 564
28 81 570
28 81 600
28 81 576
28 81 570
28 81 624
28 81 576
28 81 588
28 81 576
28 81 576
28 81 612
28 81 606
28 81 552
28 81 582
28 81 570
28 81 540
28 81 588
28 81 558
28 81 576
28 81 546
28 81 600
28 81 540
28 81 612
28 81 552
28 81 570
28 81 564
28 81 564
28 81 594
28 81 588
28 81 564
28 81 564
28 81 624
28 81 558
28 81 588
28 81 618
28 81 570
28 81 576
28 81 540
28 81 612
28 81 534
28 81 582
28 81 570
28 81 558
28 81 558
28 81 576
28 81 582
28 81 600
28 81 564
28 81 594
28 81 540
28 81 624
28 81 606
28 81 594
28 81 576
28 81 522
28 81 558
28 81 564
28 81 594
28 81 618
28 81 576
28 81 588
28 81 600
28 81 582
28 81 600
28 81 582
28 81 582
28 81 612
28 81 564
28 81 552
28 81 552
28 81 594
28 81 642
28 81 522
28 81 606
28 81 576
28 81 582
28 81 582
28 81 564
28 81 582
28 81 570
28 81 558
28 81 588
28 81 570
28 81 600
28 81 576
28 81 528
28 81 630
28 81 594
28 81 576
28 81 606
28 81 558
28 81 576
28 81 564
28 81 564
28 81 588
28 81 558
28 81 576
28 81 606
28 81 564
28 81 582
28 81 600
28 81 546
28 81 600
28 81 612
28 81 600
28 81 582
28 81 552
28 81 546
28 81 600
28 81 618
28 81 642
28 81 570
28 81 606
28 81 546
28 81 618
28 81 588
28 81 612
28 81 588
28 81 594
28 81 618
28 81 564
28 81 606
28 81 654
28 81 576
28 81 552
28 81 594
28 81 552
28 81 576
28 81 594
28 81 540
28 81 588
28 81 588
28 81 606
28 81 582
28 81 588
28 81 606
28 81 540
28 81 546
28 81 576
28 81 570
28 81 552
28 81 618
28 81 576
28 81 612
28 81 606
28 81 570
28 81 600
28 81 558
28 81 576
28 81 576
28 81 552
28 81 594
28 81 600
28 81 582
28 81 600
28 81 594
28 81 624
28 81 576
28 81 576
28 81 600
28 81 612
28 81 582
28 81 558
28 81 552
28 81 588
28 81 594
28 81 594
28 81 594
28 81 582
28 81 582
28 81 534
28 81 552
28 81 558
28 81 582
28 81 576
28 81 570
28 81 588
28 81 606
28 81 612
28 81 570
28 81 558
28 81 552
28 81 576
28 81 564
28 81 606
28 81 546
28 81 588
28 81 552
28 81 612
28 81 606
28 81 570
28 81 606
28 81 558
28 81 570
28 81 642
28 81 570
28 81 582
28 81 546
28 81 576
28 81 570
28 81 564
28 81 534
28 81 582
28 81 552
28 81 570
28 81 576
28 81 594
28 81 624
28 81 546
28 81 582
28 81 582
28 81 612
28 81 582
28 81 546
28 81 552
28 81 594
28 81 564
28 81 594
28 81 594
28 81 558
28 81 582
28 81 594
28 81 570
28 81 600
28 81 582
28 81 576
28 81 576
28 81 582
28 81 588
28 81 540
28 81 582
28 81 624
28 81 570
28 81 618
28 81 612
28 81 600
28 81 576
28 81 606
28 81 516
28 81 552
28 81 558
28 81 546
28 81 546
28 81 588
28 81 630
28 81 576
28 81 576
28 81 606
28 81 546
28 81 582
28 81 612
28 81 570
28 81 576
28 81 606
28 81 612
28 81 606
28 81 576
28 81 606
28 81 600
28 81 540
28 81 582
28 81 582
28 81 582
28 81 576
28 81 552
28 81 612
28 81 552
28 81 642
28 81 522
28 81 606
28 81 582
28 81 594
28 81 606
28 81 582
28 81 552
28 81 558
28 81 588
28 81 552
28 81 612
28 81 576
28 81 594
28 81 624
28 81 546
28 81 570
28 81 564
28 81 594
28 81 552
28 81 594
28 81 564
28 81 582
28 81 570
28 81 570
28 81 618
28 81 630
28 81 558
28 81 570
28 81 594
28 81 570
28 81 582
28 81 564
28 81 546
28 81 522
28 81 588
28 81 630
28 81 582
28 81 588
28 81 564
28 81 570
28 81 546
28 81 576
28 81 588
28 81 552
28 81 582
28 81 558
28 81 624
28 81 534
28 81 576
28 81 540
28 81 570
28 81 576
28 81 558
28 81 564
28 81 558
28 81 606
28 81 570
28 81 588
28 81 558
28 81 582
28 81 576
28 81 558
28 81 576
28 81 552
28 81 576
28 81 594
28 81 576
28 81 570
28 81 534
28 81 630
28 81 606
28 81 594
28 81 570
28 81 624
28 81 540
28 81 612
28 81 570
28 81 558
28 81 570
28 81 582
28 81 618
28 81 552
28 81 618
28 81 558
28 81 594
28 81 558
28 81 612
28 81 558
28 81 618
28 81 606
28 81 606
28 81 564
28 81 570
28 81 564
28 81 600
28 81 558
28 81 606
28 81 588
28 81 606
28 81 576
28 81 570
28 81 588
28 81 618
28 81 564
28 81 540
28 81 612
28 81 546
28 81 624
28 81 552
28 81 600
28 81 642
28 81 576
28 81 546
28 81 588
28 81 600
28 81 600
28 81 600
28 81 570
28 81 570
28 81 642
28 81 588
28 81 582
28 81 570
28 81 576
28 81 624
28 81 606
28 81 588
28 81 588
28 81 594
28 81 564
28 81 582
28 81 552
28 81 588
28 81 546
28 81 570
28 81 600
28 81 576
28 81 588
28 81 594
28 81 588
28 81 654
28 81 576
28 81 618
28 81 558
28 81 552
28 81 516
28 81 576
28 81 582
28 81 594
28 81 612
28 81 570
28 81 606
28 81 546
28 81 558
28 81 588
28 81 564
28 81 588
28 81 576
28 81 600
28 81 552
28 81 576
28 81 576
28 81 606
28 81 588
28 81 582
28 81 546
28 81 528
28 81 606
28 81 564
28 81 630
28 81 648
28 81 588
28 81 618
28 81 552
28 81 588
28 81 570
28 81 540
28 81 576
28 81 570
28 81 588
28 81 654
28 81 558
28 81 672
28 81 558
28 81 546
28 81 558
28 81 576
28 81 564
28 81 600
28 81 576
28 81 612
28 81 600
28 81 600
28 81 576
28 81 570
28 81 576
28 81 582
28 81 564
28 81 588
28 81 534
28 81 582
28 81 594
28 81 588
28 81 600
28 81 594
28 81 624
28 81 582
28 81 576
28 81 552
28 81 618
28 81 582
28 81 564
28 81 570
28 81 564
28 81 594
28 81 570
28 81 558
28 81 630
28 81 606
28 81 582
28 81 540
28 81 594
28 81 600
28 81 588
28 81 564
28 81 600
28 81 600
28 81 606
28 81 600
