30 81 606
30 81 606
30 81 594
30 81 684
30 81 618
30 81 636
30 81 636
30 81 594
30 81 594
30 81 612
30 81 606
30 81 600
30 81 612
30 81 618
30 81 636
30 81 594
30 81 636
30 81 612
30 81 618
30 81 582
30 81 606
30 81 600
30 81 636
30 81 618
30 81 570
30 81 594
30 81 588
30 81 570
30 81 606
30 81 606
30 81 606
30 81 624
30 81 660
30 81 588
30 81 570
30 81 606
30 81 636
30 81 570
30 81 612
30 81 636
30 81 600
30 81 600
30 81 600
30 81 576
30 81 612
30 81 618
30 81 642
30 81 606
30 81 564
30 81 552
30 81 588
30 81 594
30 81 630
30 81 690
30 81 630
30 81 624
30 81 600
30 81 588
30 81 630
30 81 594
30 81 666
30 81 624
30 81 594
30 81 624
30 81 582
30 81 576
30 81 612
30 81 576
30 81 660
30 81 666
30 81 594
30 81 618
30 81 606
30 81 618
30 81 630
30 81 594
30 81 612
30 81 588
30 81 612
30 81 588
30 81 618
30 81 612
30 81 618
30 81 624
30 81 588
30 81 624
30 81 576
30 81 618
30 81 648
30 81 588
30 81 672
30 81 600
30 81 576
30 81 618
30 81 612
30 81 678
30 81 624
30 81 648
30 81 588
30 81 630
30 81 606
30 81 606
30 81 618
30 81 642
30 81 582
30 81 558
30 81 642
30 81 594
30 81 612
30 81 606
30 81 618
30 81 612
30 81 606
30 81 624
30 81 648
30 81 642
30 81 612
30 81 546
30 81 594
30 81 600
30 81 624
30 81 606
30 81 588
30 81 594
30 81 636
30 81 600
30 81 588
30 81 612
30 81 624
30 81 636
30 81 630
30 81 672
30 81 630
30 81 636
30 81 582
30 81 630
30 81 648
30 81 630
30 81 600
30 81 606
30 81 624
30 81 552
30 81 606
30 81 588
30 81 546
30 81 618
30 81 606
30 81 594
30 81 600
30 81 606
30 81 636
30 81 582
30 81 594
30 81 558
30 81 570
30 81 612
30 81 600
30 81 606
30 81 600
30 81 606
30 81 684
30 81 642
30 81 624
30 81 636
30 81 612
30 81 594
30 81 606
30 81 600
30 81 564
30 81 612
30 81 672
30 81 564
30 81 576
30 81 630
30 81 582
30 81 636
30 81 612
30 81 618
30 81 666
30 81 636
30 81 576
30 81 624
30 81 642
30 81 630
30 81 618
30 81 630
30 81 606
30 81 600
30 81 582
30 81 624
30 81 612
30 81 588
30 81 624
30 81 600
30 81 582
30 81 570
30 81 624
30 81 546
30 81 648
30 81 552
30 81 618
30 81 576
30 81 618
30 81 558
30 81 606
30 81 618
30 81 630
30 81 588
30 81 600
30 81 540
30 81 588
30 81 618
30 81 594
30 81 606
30 81 600
30 81 600
30 81 576
30 81 576
30 81 588
30 81 594
30 81 600
30 81 648
30 81 606
30 81 618
30 81 660
30 81 630
30 81 582
30 81 582
30 81 636
30 81 564
30 81 588
30 81 594
30 81 600
30 81 576
30 81 594
30 81 588
30 81 660
30 81 606
30 81 594
30 81 606
30 81 636
30 81 606
30 81 540
30 81 600
30 81 636
30 81 630
30 81 672
30 81 600
30 81 666
30 81 630
30 81 642
30 81 606
30 81 612
30 81 612
30 81 594
30 81 582
30 81 636
30 81 636
30 81 630
30 81 648
30 81 582
30 81 612
30 81 606
30 81 600
30 81 588
30 81 582
30 81 600
30 81 588
30 81 660
30 81 606
30 81 606
30 81 606
30 81 582
30 81 600
30 81 630
30 81 576
30 81 630
30 81 606
30 81 582
30 81 594
30 81 642
30 81 582
30 81 654
30 81 576
30 81 648
30 81 624
30 81 636
30 81 666
30 81 570
30 81 642
30 81 594
30 81 606
30 81 636
30 81 600
30 81 594
30 81 612
30 81 576
30 81 636
30 81 606
30 81 684
30 81 630
30 81 618
30 81 606
30 81 570
30 81 612
30 81 570
30 81 606
30 81 612
30 81 582
30 81 564
30 81 606
30 81 576
30 81 594
30 81 600
30 81 678
30 81 624
30 81 594
30 81 618
30 81 582
30 81 648
30 81 582
30 81 630
30 81 600
30 81 576
30 81 618
30 81 642
30 81 606
30 81 576
30 81 654
30 81 636
30 81 600
30 81 588
30 81 570
30 81 606
30 81 630
30 81 594
30 81 582
30 81 606
30 81 600
30 81 636
30 81 582
30 81 648
30 81 612
30 81 588
30 81 570
30 81 612
30 81 624
30 81 612
30 81 594
30 81 666
30 81 582
30 81 570
30 81 630
30 81 576
30 81 594
30 81 606
30 81 636
30 81 582
30 81 624
30 81 618
30 81 570
30 81 630
30 81 636
30 81 630
30 81 642
30 81 570
30 81 630
30 81 570
30 81 624
30 81 606
30 81 582
30 81 642
30 81 630
30 81 594
30 81 570
30 81 576
30 81 588
30 81 588
30 81 594
30 81 618
30 81 558
30 81 630
30 81 606
30 81 618
30 81 600
30 81 588
30 81 630
30 81 660
30 81 630
30 81 594
30 81 636
30 81 642
30 81 576
30 81 612
30 81 564
30 81 630
30 81 612
30 81 642
30 81 588
30 81 606
30 81 642
30 81 606
30 81 642
30 81 558
30 81 630
30 81 624
30 81 600
30 81 594
30 81 552
30 81 594
30 81 654
30 81 606
30 81 618
30 81 606
30 81 546
30 81 600
30 81 666
30 81 624
30 81 600
30 81 666
30 81 648
30 81 648
30 81 564
30 81 612
30 81 570
30 81 690
30 81 642
30 81 612
30 81 624
30 81 588
30 81 564
30 81 582
30 81 612
30 81 642
30 81 612
30 81 588
30 81 552
30 81 612
30 81 636
30 81 648
30 81 630
30 81 582
30 81 708
30 81 576
30 81 606
30 81 582
30 81 606
30 81 606
30 81 618
30 81 594
30 81 588
30 81 630
30 81 576
30 81 606
30 81 588
30 81 624
30 81 648
30 81 630
30 81 660
30 81 642
30 81 588
30 81 582
30 81 576
30 81 612
30 81 558
30 81 558
30 81 624
30 81 576
30 81 606
30 81 618
30 81 636
30 81 600
30 81 630
30 81 666
30 81 606
30 81 678
30 81 600
30 81 636
30 81 654
30 81 588
30 81 588
30 81 594
30 81 618
30 81 612
30 81 624
30 81 588
30 81 612
30 81 564
30 81 594
30 81 612
30 81 648
30 81 606
30 81 636
30 81 642
30 81 618
30 81 624
30 81 606
30 81 624
30 81 612
30 81 630
30 81 612
30 81 582
30 81 570
30 81 594
30 81 594
30 81 582
30 81 666
30 81 636
30 81 582
30 81 624
30 81 630
30 81 606
30 81 564
30 81 576
30 81 624
30 81 588
30 81 636
30 81 642
30 81 594
30 81 594
30 81 600
30 81 594
30 81 642
30 81 582
30 81 624
30 81 612
30 81 534
30 81 588
30 81 618
30 81 606
30 81 588
30 81 666
30 81 594
30 81 642
30 81 648
30 81 654
30 81 606
30 81 600
30 81 612
30 81 600
30 81 600
30 81 648
30 81 606
30 81 576
30 81 612
30 81 594
30 81 606
30 81 564
30 81 552
30 81 624
30 81 582
30 81 594
30 81 564
30 81 606
30 81 630
30 81 582
30 81 606
30 81 588
30 81 600
30 81 630
30 81 594
30 81 582
30 81 576
30 81 606
30 81 648
30 81 630
30 81 612
30 81 594
30 81 588
30 81 588
30 81 648
30 81 600
30 81 576
30 81 624
30 81 630
30 81 564
30 81 594
30 81 594
30 81 570
30 81 654
30 81 576
30 81 636
30 81 582
30 81 570
30 81 606
30 81 648
30 81 600
30 81 594
30 81 600
30 81 654
30 81 564
30 81 672
30 81 546
30 81 618
30 81 630
30 81 594
30 81 570
30 81 594
30 81 660
30 81 612
30 81 624
30 81 636
30 81 654
30 81 576
30 81 606
30 81 588
30 81 606
30 81 588
30 81 606
30 81 606
30 81 618
30 81 660
30 81 594
30 81 576
30 81 648
30 81 582
30 81 576
30 81 642
30 81 600
30 81 648
30 81 636
30 81 588
30 81 606
30 81 600
30 81 618
30 81 582
30 81 576
30 81 570
30 81 570
30 81 600
30 81 636
30 81 624
30 81 564
30 81 570
30 81 588
30 81 606
30 81 576
30 81 606
30 81 588
30 81 606
30 81 582
30 81 594
30 81 612
30 81 624
30 81 630
30 81 624
30 81 636
30 81 666
30 81 600
30 81 606
30 81 606
30 81 564
30 81 630
30 81 588
30 81 648
30 81 612
30 81 588
30 81 570
30 81 618
30 81 618
30 81 600
30 81 660
30 81 702
30 81 582
30 81 588
30 81 618
30 81 624
30 81 588
30 81 624
30 81 552
30 81 570
30 81 636
30 81 594
30 81 594
30 81 588
30 81 648
30 81 606
30 81 642
30 81 636
30 81 630
30 81 600
30 81 570
30 81 564
30 81 624
30 81 636
30 81 576
30 81 558
30 81 618
30 81 624
30 81 600
30 81 558
30 81 612
30 81 624
30 81 594
30 81 570
30 81 606
30 81 624
30 81 630
30 81 600
30 81 600
30 81 678
30 81 600
30 81 600
30 81 522
30 81 642
30 81 678
30 81 588
30 81 564
30 81 612
30 81 618
30 81 600
30 81 672
30 81 606
30 81 594
30 81 642
30 81 630
30 81 624
30 81 642
30 81 624
30 81 612
30 81 660
30 81 588
30 81 624
30 81 582
30 81 636
30 81 624
30 81 582
30 81 582
30 81 654
30 81 618
30 81 630
30 81 630
30 81 666
30 81 612
30 81 678
30 81 636
30 81 630
30 81 636
30 81 594
30 81 600
30 81 594
30 81 588
30 81 576
30 81 594
30 81 636
30 81 594
30 81 624
30 81 558
30 81 624
30 81 582
30 81 672
30 81 564
30 81 618
30 81 636
30 81 582
30 81 630
30 81 594
30 81 606
30 81 630
30 81 612
30 81 600
30 81 606
30 81 570
30 81 594
30 81 570
30 81 606
30 81 618
30 81 612
30 81 588
30 81 624
30 81 612
30 81 588
30 81 582
30 81 558
30 81 618
30 81 630
30 81 570
30 81 594
30 81 600
30 81 594
30 81 612
30 81 582
30 81 564
30 81 630
30 81 594
30 81 600
30 81 624
30 81 636
30 81 636
30 81 588
30 81 570
30 81 594
30 81 570
30 81 594
30 81 558
30 81 624
30 81 618
30 81 612
30 81 582
30 81 618
30 81 606
30 81 630
30 81 582
30 81 660
30 81 612
30 81 666
30 81 624
30 81 606
30 81 600
30 81 582
30 81 618
30 81 552
30 81 612
30 81 624
30 81 618
30 81 600
30 81 552
30 81 594
30 81 636
30 81 636
30 81 666
30 81 564
30 81 606
30 81 588
30 81 612
30 81 588
30 81 636
30 81 576
30 81 630
30 81 594
30 81 582
30 81 588
30 81 594
30 81 612
30 81 642
30 81 600
30 81 630
30 81 588
30 81 684
30 81 582
30 81 636
30 81 690
30 81 564
30 81 642
30 81 612
30 81 636
30 81 618
30 81 642
30 81 606
30 81 666
30 81 588
30 81 630
30 81 672
30 81 612
30 81 606
30 81 612
30 81 660
30 81 696
30 81 636
30 81 624
30 81 600
30 81 642
30 81 546
30 81 630
30 81 600
30 81 630
30 81 618
30 81 588
30 81 600
30 81 564
30 81 594
30 81 600
30 81 612
30 81 570
30 81 624
30 81 642
30 81 570
30 81 600
30 81 642
30 81 600
30 81 612
30 81 618
30 81 582
30 81 564
30 81 618
30 81 612
30 81 624
30 81 606
30 81 612
30 81 636
30 81 582
30 81 594
30 81 660
30 81 588
30 81 612
30 81 594
30 81 618
30 81 612
30 81 642
30 81 564
30 81 624
30 81 648
30 81 612
30 81 600
30 81 594
30 81 612
30 81 636
30 81 618
30 81 588
30 81 612
30 81 660
30 81 636
30 81 624
30 81 648
30 81 636
30 81 576
30 81 606
30 81 624
30 81 612
30 81 636
30 81 612
30 81 618
30 81 606
30 81 630
30 81 624
30 81 648
30 81 630
30 81 612
30 81 588
30 81 576
30 81 594
30 81 612
30 81 630
30 81 654
30 81 660
30 81 594
30 81 594
30 81 624
30 81 594
30 81 606
30 81 606
30 81 588
30 81 600
30 81 582
30 81 630
30 81 618
30 81 642
30 81 582
30 81 564
30 81 636
30 81 570
30 81 594
30 81 630
30 81 618
30 81 588
30 81 582
30 81 600
30 81 552
30 81 642
30 81 612
30 81 588
30 81 600
30 81 612
30 81 678
30 81 594
30 81 636
30 81 612
30 81 612
30 81 636
30 81 600
30 81 636
30 81 612
30 81 600
30 81 606
30 81 594
30 81 636
30 81 600
30 81 654
30 81 606
30 81 570
30 81 534
30 81 606
30 81 618
30 81 618
30 81 588
30 81 582
30 81 558
30 81 636
30 81 606
30 81 612
30 81 612
30 81 588
30 81 636
30 81 612
30 81 600
30 81 696
30 81 672
30 81 600
30 81 594
30 81 594
