44 81 1026
44 81 924
44 81 912
44 81 966
44 81 900
44 81 936
44 81 918
44 81 876
44 81 864
44 81 924
44 81 948
44 81 870
44 81 858
44 81 930
44 81 942
44 81 942
44 81 876
44 81 858
44 81 978
44 81 888
44 81 888
44 81 864
44 99 1344
44 81 888
44 81 936
44 81 900
44 81 900
44 81 900
44 81 888
44 81 840
44 81 894
44 81 1044
44 81 1020
44 81 936
44 81 906
44 81 876
44 81 864
44 81 882
44 81 864
44 81 852
44 81 852
44 81 900
44 81 930
44 81 972
44 81 894
44 81 960
44 81 930
44 81 918
44 81 882
44 81 924
44 81 942
44 81 942
44 81 930
44 81 900
44 81 912
44 81 930
44 81 936
44 81 918
44 81 846
44 81 942
44 81 912
44 81 972
44 81 948
44 81 906
44 81 828
44 81 990
44 81 882
44 81 930
44 81 954
44 81 894
44 81 840
44 81 894
44 81 894
44 81 936
44 81 954
44 81 900
44 81 918
44 81 936
44 81 882
44 81 882
44 81 900
44 81 978
44 81 912
44 81 846
44 81 948
44 81 942
44 81 894
44 81 912
44 81 930
44 81 876
44 81 918
44 81 918
44 81 984
44 81 882
44 81 894
44 81 984
44 81 924
44 81 882
44 81 876
44 81 888
44 81 906
44 81 918
44 81 930
44 81 906
44 81 978
44 81 882
44 81 972
44 81 894
44 81 936
44 81 984
44 81 966
44 81 888
44 81 924
44 81 876
44 81 924
44 81 1002
44 81 870
44 81 888
44 81 912
44 81 846
44 81 996
44 81 888
44 81 882
44 81 924
44 81 906
44 81 1008
44 81 918
44 81 888
44 81 906
44 81 972
44 81 930
44 81 900
44 81 1008
44 81 900
44 81 1008
44 81 978
44 81 930
44 81 918
44 81 900
44 81 960
44 81 924
44 81 834
44 81 930
44 81 936
44 81 852
44 81 912
44 81 1014
44 81 888
44 81 888
44 81 930
44 81 930
44 81 882
44 81 942
44 81 870
44 81 936
44 81 972
44 81 894
44 81 858
44 81 876
44 81 876
44 81 942
44 81 936
44 81 948
44 81 912
44 81 762
44 81 888
44 81 966
44 81 924
44 81 930
44 81 936
44 81 876
44 81 894
44 81 882
44 81 1044
44 81 888
44 81 924
44 81 900
44 81 870
44 81 1008
44 81 930
44 81 972
44 81 828
44 81 954
44 81 996
44 81 906
44 81 936
44 81 942
44 81 948
44 81 882
44 81 954
44 81 960
44 81 1020
44 81 996
44 81 882
44 81 942
44 81 912
44 81 906
44 81 852
44 81 930
44 81 942
44 81 1020
44 81 924
44 81 996
44 81 954
44 81 924
44 81 954
44 81 882
44 81 978
44 81 1026
44 81 906
44 81 942
44 81 942
44 81 936
44 81 966
44 81 1020
44 81 960
44 81 870
44 81 876
44 81 978
44 99 1344
44 81 810
44 81 918
44 81 864
44 81 924
44 81 936
44 81 924
44 81 822
44 81 996
44 81 840
44 81 954
44 81 984
44 81 906
44 81 864
44 81 948
44 81 1014
44 81 924
44 81 1002
44 81 1002
44 81 924
44 81 990
44 81 912
44 81 804
44 81 936
44 81 984
44 81 918
44 81 852
44 81 966
44 81 828
44 81 798
44 81 858
44 81 858
44 81 942
44 81 876
44 81 1014
44 81 918
44 81 894
44 81 918
44 81 882
44 81 978
44 81 942
44 81 954
44 81 960
44 81 954
44 81 894
44 81 966
44 81 930
44 81 894
44 81 978
44 81 936
44 81 942
44 81 960
44 81 1026
44 81 960
44 81 888
44 81 864
44 81 894
44 81 876
44 81 966
44 81 912
44 81 876
44 81 894
44 81 846
44 81 900
44 81 912
44 81 1014
44 81 948
44 81 930
44 81 984
44 81 894
44 81 966
44 81 966
44 81 912
44 81 888
44 81 924
44 81 906
44 81 894
44 81 876
44 81 900
44 81 954
44 81 906
44 81 846
44 81 978
44 81 954
44 81 966
44 81 912
44 81 924
44 81 798
44 81 966
44 81 936
44 81 876
44 81 1002
44 81 954
44 81 984
44 81 996
44 81 846
44 81 882
44 81 990
44 81 1014
44 81 870
44 81 864
44 81 972
44 81 1008
44 81 930
44 81 906
44 81 1008
44 81 948
44 81 924
44 81 942
44 81 942
44 81 912
44 81 990
44 81 918
44 81 852
44 81 906
44 81 870
44 81 882
44 81 930
44 81 888
44 81 924
44 81 948
44 81 972
44 81 900
44 81 882
44 81 918
44 81 870
44 81 876
44 81 882
44 81 912
44 81 978
44 81 930
44 81 936
44 81 996
44 81 882
44 81 870
44 81 858
44 81 1002
44 81 948
44 81 972
44 81 990
44 81 954
44 81 924
44 81 834
44 81 906
44 81 990
44 81 894
44 81 942
44 81 930
44 81 870
44 81 948
44 81 978
44 81 912
44 81 948
44 81 1002
44 81 942
44 81 834
44 81 936
44 81 912
44 81 906
44 81 906
44 81 894
44 81 942
44 81 906
44 81 930
44 81 936
44 81 942
44 81 942
44 81 984
44 81 960
44 81 912
44 81 966
44 81 906
44 81 954
44 81 990
44 81 960
44 81 936
44 81 1020
44 81 930
44 81 918
44 81 912
44 81 978
44 81 942
44 81 942
44 81 858
44 81 996
44 81 936
44 81 882
44 81 954
44 81 912
44 81 1020
44 81 960
44 81 888
44 81 906
44 81 942
44 81 888
44 81 906
44 81 930
44 81 900
44 81 930
44 81 912
44 81 942
44 81 906
44 81 870
44 81 906
44 81 924
44 81 894
44 81 924
44 81 960
44 81 936
44 81 942
44 81 954
44 81 978
44 81 882
44 81 858
44 81 1008
44 81 852
44 81 852
44 81 912
44 81 942
44 81 966
44 81 882
44 81 924
44 81 894
44 81 972
44 81 924
44 81 930
44 81 912
44 81 984
44 81 966
44 81 1026
44 81 972
44 81 906
44 81 936
44 81 894
44 81 996
44 81 948
44 81 1008
44 81 936
44 81 876
44 81 930
44 81 894
44 81 978
44 81 888
44 81 870
44 81 858
44 81 930
44 81 942
44 81 864
44 81 924
44 81 900
44 81 936
44 81 954
44 81 894
44 81 990
44 81 894
44 81 960
44 81 888
44 81 972
44 81 864
44 81 942
44 81 942
44 81 966
44 81 972
44 81 984
44 81 912
44 81 942
44 81 990
44 81 1020
44 81 948
44 81 846
44 81 864
44 81 954
44 81 948
44 81 834
44 81 918
44 81 888
44 81 918
44 81 960
44 81 942
44 81 900
44 81 918
44 81 960
44 81 948
44 81 888
44 81 894
44 81 954
44 81 978
44 81 918
44 81 900
44 81 912
44 81 972
44 81 972
44 81 900
44 81 978
44 81 852
44 81 888
44 81 1008
44 81 894
44 81 924
44 81 918
44 81 942
44 81 900
44 81 882
44 81 1020
44 81 900
44 81 876
44 81 960
44 81 924
44 81 870
44 81 906
44 81 990
44 81 936
44 81 894
44 81 900
44 81 894
44 81 924
44 81 840
44 81 894
44 81 888
44 81 876
44 81 858
44 81 888
44 81 984
44 81 912
44 81 900
44 81 954
44 81 954
44 81 1026
44 81 852
44 81 888
44 81 912
44 81 846
44 81 954
44 81 882
44 81 954
44 81 930
44 84 1092
44 81 864
44 81 930
44 81 864
44 81 978
44 81 900
44 81 864
44 81 918
44 81 924
44 81 900
44 81 918
44 81 906
44 81 954
44 81 870
44 81 996
44 81 876
44 81 888
44 81 954
44 81 876
44 81 852
44 81 930
44 81 858
44 81 900
44 81 870
44 81 882
44 81 972
44 81 864
44 86 1092
44 81 930
44 81 960
44 81 852
44 81 954
44 81 876
44 81 876
44 81 948
44 81 948
44 81 954
44 81 918
44 81 948
44 81 942
44 81 882
44 81 924
44 81 816
44 81 918
44 81 870
44 81 882
44 81 912
44 81 954
44 81 924
44 81 876
44 81 912
44 81 930
44 81 912
44 81 936
44 81 900
44 81 954
44 81 906
44 81 936
44 81 918
44 81 888
44 81 954
44 81 876
44 81 900
44 81 978
44 81 894
44 81 924
44 81 900
44 81 978
44 81 852
44 81 906
44 81 936
44 97 1236
44 81 990
44 81 978
44 81 882
44 81 900
44 81 846
44 81 918
44 81 918
44 81 918
44 81 936
44 81 894
44 81 954
44 81 960
44 81 960
44 81 936
44 81 912
44 81 834
44 81 888
44 81 834
44 81 924
44 81 876
44 81 870
44 81 900
44 81 1050
44 81 948
44 81 912
44 81 900
44 81 960
44 81 954
44 81 876
44 81 924
44 81 876
44 81 930
44 81 882
44 81 930
44 81 888
44 81 1038
44 81 936
44 81 978
44 88 1098
44 81 930
44 81 960
44 81 960
44 81 894
44 81 924
44 81 900
44 81 888
44 81 912
44 81 852
44 81 828
44 81 936
44 81 912
44 81 1008
44 81 834
44 81 930
44 81 942
44 81 864
44 81 918
44 81 888
44 81 930
44 81 882
44 81 858
44 81 930
44 81 912
44 81 936
44 81 960
44 81 882
44 81 822
44 81 960
44 81 942
44 81 846
44 81 918
44 81 840
44 81 882
44 81 822
44 81 936
44 81 834
44 81 924
44 81 966
44 101 1332
44 81 924
44 81 984
44 81 924
44 81 882
44 81 900
44 81 942
44 81 918
44 81 864
44 81 942
44 81 912
44 81 900
44 81 942
44 81 918
44 81 870
44 81 888
44 81 918
44 81 900
44 81 978
44 81 948
44 81 966
44 81 936
44 81 942
44 81 894
44 81 930
44 81 948
44 81 990
44 81 924
44 81 960
44 81 936
44 81 930
44 81 990
44 81 882
44 81 864
44 81 1026
44 81 870
44 81 954
44 81 876
44 81 906
44 81 948
44 81 954
44 81 966
44 81 870
44 81 894
44 81 954
44 86 1026
44 81 888
44 81 942
44 81 942
44 81 930
44 81 924
44 81 870
44 81 870
44 81 924
44 81 1038
44 81 1008
44 81 870
44 81 942
44 81 900
44 81 1050
44 81 918
44 81 870
44 81 894
44 81 906
44 81 900
44 81 966
44 81 930
44 81 972
44 81 912
44 81 1008
44 81 882
44 81 924
44 81 906
44 81 810
44 81 846
44 81 936
44 81 930
44 81 1056
44 81 924
44 81 1008
44 81 894
44 81 1002
44 81 1014
44 81 1020
44 81 828
44 81 942
44 81 954
44 81 900
44 81 852
44 81 900
44 81 948
44 81 1014
44 81 888
44 81 930
44 81 900
44 81 996
44 81 960
44 81 906
44 81 984
44 81 966
44 81 912
44 81 936
44 81 918
44 81 990
44 81 894
44 81 954
44 81 924
44 81 906
44 81 924
44 81 906
44 81 930
44 81 954
44 81 834
44 81 906
44 81 906
44 81 948
44 81 924
44 81 840
44 81 978
44 81 930
44 81 972
44 81 822
44 81 870
44 81 990
44 81 942
44 81 876
44 81 888
44 81 912
44 81 966
44 81 822
44 81 852
44 81 906
44 81 912
44 81 984
44 81 954
44 81 924
44 81 900
44 81 924
44 81 942
44 81 846
44 81 900
44 81 966
44 81 900
44 81 996
44 81 894
44 81 960
44 81 912
44 81 966
44 81 888
44 81 918
44 81 894
44 81 906
44 81 966
44 81 930
44 81 846
44 81 882
44 81 912
44 81 930
44 81 888
44 81 852
44 81 1008
44 81 888
44 81 912
44 81 960
44 81 942
44 81 894
44 81 966
44 81 906
44 81 894
44 81 1032
44 81 894
44 81 912
44 81 972
44 81 888
44 81 966
44 81 960
44 81 978
44 81 954
44 81 954
44 81 972
44 81 924
44 81 924
44 81 888
44 81 960
44 81 906
44 81 948
44 81 840
44 81 864
44 81 888
44 81 906
44 81 930
44 81 906
44 81 954
44 81 960
44 81 906
44 90 1098
44 81 894
44 81 966
44 81 930
44 81 876
44 81 858
44 81 930
44 81 918
44 81 918
44 81 948
44 81 936
44 81 864
44 81 984
44 81 942
44 81 1026
44 81 882
44 81 912
44 81 912
44 81 864
44 81 900
44 81 1002
44 81 948
44 81 912
44 81 918
44 81 984
44 81 978
44 81 972
44 81 936
44 81 942
44 81 1008
44 81 984
44 81 870
44 81 984
44 81 912
44 81 1032
44 81 912
44 81 930
44 81 966
44 81 954
44 81 1014
44 81 912
44 81 942
44 81 948
44 81 984
44 81 882
44 81 870
44 81 966
44 81 954
44 81 1026
44 81 858
44 81 906
44 81 846
44 81 912
44 81 930
44 81 1002
44 81 936
44 81 924
44 81 966
44 81 978
44 81 972
44 81 912
44 81 1056
44 81 852
44 81 954
44 81 876
44 81 936
44 81 960
44 81 882
44 81 840
44 81 930
44 81 918
44 81 936
44 81 918
44 81 984
44 81 996
44 81 978
44 81 936
44 81 870
44 81 888
44 81 984
44 81 918
44 81 912
44 81 864
44 81 966
44 81 888
44 81 954
44 81 912
44 81 906
44 81 900
44 81 912
44 81 912
44 81 900
44 81 954
44 81 906
44 81 966
44 81 1002
44 81 924
44 81 930
44 81 876
44 81 870
