42 81 840
42 81 822
42 81 864
42 81 924
42 81 906
42 81 882
42 81 834
42 81 846
42 81 834
42 81 798
42 81 828
42 81 840
42 81 834
42 81 840
42 81 834
42 81 846
42 81 888
42 81 804
42 81 882
42 81 900
42 81 972
42 81 906
42 81 822
42 81 786
42 81 912
42 81 846
42 81 864
42 81 948
42 81 876
42 81 840
42 81 918
42 81 930
42 81 822
42 81 834
42 81 828
42 81 822
42 81 900
42 81 840
42 81 798
42 81 888
42 81 876
42 81 912
42 81 888
42 81 918
42 81 852
42 81 858
42 81 930
42 81 834
42 81 858
42 81 798
42 81 828
42 81 858
42 81 828
42 81 822
42 81 786
42 81 840
42 81 876
42 81 804
42 81 846
42 81 870
42 81 828
42 81 954
42 81 846
42 81 864
42 81 834
42 81 882
42 81 804
42 81 822
42 81 894
42 81 858
42 81 858
42 81 840
42 81 834
42 81 846
42 81 864
42 81 882
42 81 780
42 81 786
42 81 894
42 81 918
42 81 942
42 81 900
42 81 732
42 81 948
42 81 810
42 81 798
42 81 846
42 81 864
42 81 816
42 81 822
42 81 858
42 81 786
42 81 846
42 81 828
42 81 870
42 81 900
42 81 888
42 81 858
42 81 834
42 81 864
42 81 840
42 81 876
42 81 876
42 81 882
42 81 786
42 81 900
42 81 936
42 81 888
42 81 876
42 81 900
42 81 852
42 81 852
42 81 858
42 81 840
42 81 918
42 89 1056
42 81 894
42 81 792
42 81 798
42 81 846
42 81 804
42 81 840
42 81 828
42 81 828
42 81 858
42 81 894
42 81 876
42 81 852
42 81 900
42 81 864
42 81 804
42 81 852
42 81 834
42 81 798
42 81 810
42 81 1014
42 81 798
42 81 816
42 81 816
42 81 834
42 81 804
42 81 816
42 81 918
42 81 948
42 81 840
42 81 870
42 81 774
42 81 834
42 81 906
42 81 900
42 81 972
42 81 852
42 81 876
42 81 762
42 81 864
42 81 936
42 81 822
42 81 846
42 81 774
42 81 900
42 81 972
42 81 852
42 81 864
42 81 930
42 81 942
42 81 858
42 81 846
42 81 810
42 81 828
42 81 912
42 81 834
42 81 846
42 81 840
42 81 948
42 81 858
42 81 870
42 81 840
42 81 876
42 81 822
42 81 840
42 81 792
42 81 792
42 81 930
42 81 888
42 81 798
42 81 816
42 81 810
42 81 888
42 81 930
42 81 810
42 81 894
42 81 900
42 81 906
42 81 882
42 81 786
42 81 882
42 81 900
42 81 864
42 81 810
42 81 840
42 81 846
42 81 828
42 81 918
42 81 882
42 81 864
42 81 840
42 81 888
42 81 786
42 81 876
42 81 882
42 81 924
42 81 882
42 81 936
42 81 816
42 81 828
42 81 792
42 81 852
42 81 798
42 81 834
42 81 846
42 81 948
42 81 864
42 81 912
42 81 858
42 81 912
42 81 858
42 81 888
42 81 846
42 81 930
42 81 864
42 81 798
42 81 804
42 81 876
42 81 882
42 81 822
42 81 816
42 81 786
42 81 846
42 81 918
42 81 870
42 81 870
42 81 822
42 81 780
42 81 906
42 81 888
42 81 810
42 81 888
42 81 906
42 81 876
42 81 906
42 81 864
42 81 906
42 81 834
42 81 918
42 81 924
42 81 846
42 81 918
42 81 888
42 81 798
42 81 870
42 81 864
42 81 816
42 81 888
42 81 894
42 81 888
42 81 888
42 81 888
42 81 882
42 81 840
42 81 834
42 81 930
42 81 834
42 81 798
42 81 786
42 81 840
42 81 882
42 81 840
42 81 858
42 81 840
42 81 936
42 81 822
42 81 834
42 81 870
42 81 870
42 81 834
42 81 858
42 81 882
42 81 846
42 81 906
42 81 978
42 81 870
42 81 834
42 81 936
42 81 882
42 81 960
42 81 894
42 81 876
42 81 816
42 81 840
42 81 876
42 81 858
42 81 894
42 81 774
42 81 852
42 106 1398
42 81 870
42 81 798
42 81 882
42 81 900
42 81 876
42 81 810
42 81 852
42 81 894
42 81 930
42 81 840
42 81 912
42 81 924
42 81 822
42 81 876
42 81 936
42 81 864
42 81 816
42 81 852
42 81 912
42 81 756
42 81 834
42 81 828
42 81 852
42 81 804
42 81 852
42 81 762
42 81 846
42 81 816
42 81 816
42 81 954
42 81 798
42 81 888
42 81 924
42 81 852
42 81 918
42 81 744
42 81 798
42 81 894
42 81 864
42 81 882
42 81 870
42 81 906
42 81 816
42 81 900
42 81 882
42 81 834
42 81 810
42 81 864
42 81 912
42 81 852
42 81 828
42 81 900
42 81 918
42 81 894
42 81 906
42 81 822
42 81 918
42 81 942
42 81 828
42 81 900
42 81 864
42 81 852
42 81 942
42 81 960
42 81 900
42 81 882
42 81 786
42 81 822
42 81 810
42 81 858
42 81 810
42 81 876
42 81 894
42 81 918
42 81 876
42 81 828
42 81 870
42 81 828
42 81 828
42 81 828
42 81 912
42 81 870
42 81 846
42 81 852
42 81 870
42 81 846
42 81 870
42 81 804
42 81 846
42 81 828
42 81 756
42 81 912
42 81 804
42 81 864
42 81 798
42 81 834
42 81 822
42 81 804
42 81 834
42 81 810
42 81 888
42 81 852
42 81 858
42 81 900
42 81 912
42 81 870
42 81 882
42 81 828
42 81 834
42 81 876
42 81 870
42 81 834
42 81 900
42 81 834
42 81 864
42 81 888
42 81 894
42 81 840
42 81 930
42 81 864
42 81 906
42 81 810
42 81 798
42 81 876
42 81 822
42 81 918
42 81 948
42 81 852
42 81 858
42 81 822
42 81 846
42 81 876
42 81 864
42 81 816
42 81 882
42 81 882
42 81 948
42 81 924
42 81 864
42 81 846
42 81 810
42 81 846
42 81 894
42 81 870
42 88 1086
42 81 882
42 81 876
42 81 906
42 81 912
42 81 786
42 81 822
42 81 918
42 81 876
42 81 864
42 81 882
42 81 840
42 81 852
42 81 822
42 81 876
42 81 918
42 81 822
42 81 810
42 81 792
42 81 816
42 81 852
42 81 864
42 81 846
42 81 846
42 81 912
42 81 852
42 81 864
42 81 858
42 81 882
42 81 918
42 81 864
42 81 894
42 81 810
42 81 894
42 81 846
42 81 852
42 81 888
42 81 876
42 81 858
42 81 804
42 81 906
42 81 882
42 81 846
42 81 930
42 81 864
42 81 900
42 81 822
42 81 834
42 81 834
42 81 828
42 81 942
42 81 924
42 81 876
42 81 852
42 81 876
42 81 798
42 81 852
42 81 900
42 81 804
42 81 828
42 81 870
42 81 816
42 81 846
42 81 858
42 81 816
42 81 870
42 81 882
42 81 900
42 81 918
42 81 900
42 81 822
42 81 780
42 81 858
42 81 864
42 81 828
42 81 840
42 81 888
42 81 774
42 81 936
42 81 882
42 81 792
42 81 810
42 81 762
42 81 882
42 81 882
42 81 858
42 81 840
42 81 852
42 81 870
42 81 822
42 81 786
42 81 792
42 81 924
42 81 846
42 81 858
42 81 882
42 81 894
42 81 864
42 81 876
42 81 888
42 81 894
42 81 852
42 81 876
42 81 876
42 81 906
42 81 870
42 81 816
42 81 888
42 81 864
42 81 858
42 81 816
42 81 846
42 81 852
42 81 816
42 81 954
42 81 906
42 81 882
42 81 948
42 81 816
42 81 858
42 81 882
42 81 792
42 81 864
42 81 816
42 81 846
42 81 852
42 81 852
42 81 942
42 81 876
42 81 828
42 81 804
42 81 888
42 81 870
42 81 924
42 81 774
42 81 882
42 81 900
42 81 792
42 81 888
42 81 840
42 81 846
42 81 882
42 81 918
42 81 936
42 81 834
42 81 768
42 81 768
42 81 870
42 81 864
42 81 840
42 81 942
42 81 870
42 81 870
42 81 834
42 81 870
42 81 858
42 81 852
42 81 876
42 81 900
42 81 864
42 81 840
42 81 762
42 81 810
42 81 918
42 81 840
42 81 816
42 81 810
42 81 798
42 81 894
42 81 852
42 81 882
42 81 852
42 81 900
42 81 822
42 81 810
42 81 846
42 81 846
42 81 876
42 81 828
42 81 864
42 81 882
42 81 894
42 81 882
42 81 894
42 81 900
42 81 948
42 81 846
42 81 930
42 81 918
42 81 828
42 81 840
42 81 876
42 81 864
42 81 876
42 81 798
42 81 846
42 81 906
42 81 894
42 81 858
42 81 828
42 81 762
42 81 840
42 81 894
42 81 858
42 81 882
42 81 828
42 81 954
42 81 816
42 81 852
42 81 864
42 81 858
42 81 948
42 81 774
42 81 882
42 81 870
42 81 918
42 81 828
42 81 852
42 81 900
42 81 936
42 81 870
42 81 924
42 81 864
42 81 798
42 81 840
42 81 828
42 81 876
42 81 816
42 81 828
42 81 948
42 81 822
42 81 810
42 81 888
42 81 948
42 81 882
42 81 852
42 81 828
42 81 804
42 81 798
42 81 846
42 81 912
42 81 876
42 81 822
42 81 870
42 81 804
42 81 822
42 81 798
42 81 858
42 81 816
42 81 852
42 81 828
42 81 816
42 81 954
42 81 912
42 81 876
42 81 858
42 81 828
42 81 852
42 81 960
42 81 852
42 81 786
42 81 888
42 81 822
42 81 846
42 81 978
42 81 912
42 81 840
42 81 798
42 81 870
42 81 834
42 81 930
42 81 852
42 81 906
42 81 792
42 81 834
42 81 906
42 81 780
42 81 852
42 81 924
42 81 822
42 81 948
42 81 924
42 81 744
42 81 852
42 81 804
42 81 930
42 81 864
42 81 900
42 81 816
42 81 822
42 81 852
42 81 918
42 81 894
42 81 810
42 81 762
42 81 888
42 81 882
42 81 834
42 87 1020
42 81 834
42 81 870
42 81 888
42 81 882
42 81 894
42 81 870
42 81 798
42 81 828
42 81 906
42 81 840
42 81 864
42 81 912
42 81 816
42 81 858
42 81 840
42 81 858
42 81 888
42 81 876
42 81 942
42 81 912
42 81 870
42 81 882
42 81 780
42 81 900
42 81 822
42 81 894
42 81 900
42 81 882
42 81 876
42 81 822
42 81 822
42 81 828
42 81 852
42 81 858
42 81 810
42 81 900
42 81 864
42 81 846
42 81 978
42 81 876
42 81 828
42 81 822
42 81 906
42 81 858
42 81 810
42 81 786
42 81 870
42 81 768
42 81 852
42 81 798
42 81 972
42 81 894
42 81 906
42 81 876
42 81 834
42 81 834
42 81 852
42 81 876
42 81 978
42 81 852
42 81 816
42 81 876
42 81 852
42 81 852
42 81 906
42 81 882
42 81 810
42 81 828
42 81 894
42 81 876
42 81 822
42 81 822
42 81 954
42 81 852
42 81 882
42 81 834
42 81 846
42 81 828
42 81 924
42 81 834
42 81 882
42 81 840
42 81 888
42 81 1002
42 81 810
42 81 828
42 81 942
42 81 864
42 81 786
42 81 858
42 81 852
42 81 852
42 81 828
42 81 816
42 81 912
42 81 846
42 81 888
42 81 894
42 81 810
42 81 828
42 81 894
42 81 810
42 81 816
42 81 816
42 81 870
42 81 894
42 81 876
42 81 864
42 81 972
42 81 888
42 81 786
42 81 888
42 81 840
42 81 918
42 81 900
42 81 846
42 81 828
42 81 792
42 81 1032
42 81 900
42 81 822
42 81 858
42 81 840
42 81 828
42 81 834
42 81 912
42 81 912
42 81 864
42 81 882
42 81 810
42 81 816
42 81 948
42 81 876
42 81 882
42 81 846
42 81 822
42 81 894
42 81 912
42 81 840
42 81 906
42 81 834
42 81 870
42 81 876
42 81 810
42 81 834
42 81 882
42 81 906
42 81 834
42 81 834
42 81 1002
42 81 774
42 81 930
42 81 858
42 81 852
42 89 1002
42 81 846
42 81 840
42 81 888
42 81 936
42 81 978
42 81 882
42 81 888
42 81 816
42 81 888
42 81 822
42 81 816
42 81 816
42 81 834
42 91 1134
42 81 894
42 81 870
42 81 852
42 81 858
42 81 786
42 81 900
42 81 870
42 81 1008
42 81 774
42 81 912
42 81 792
42 81 810
42 81 822
42 81 912
42 81 858
42 81 864
42 81 912
42 81 894
42 81 786
42 81 846
42 81 864
42 87 1074
42 81 816
42 81 894
42 81 876
42 81 762
42 81 900
42 81 864
42 81 870
42 81 882
42 81 846
42 81 882
42 81 900
42 81 864
42 81 858
42 81 864
42 81 900
42 81 870
42 81 870
42 81 828
42 81 906
42 81 870
42 81 888
42 81 894
42 81 864
42 81 900
42 91 1122
42 81 912
42 81 810
42 81 816
42 81 852
42 81 888
42 81 870
42 81 882
42 81 966
42 81 816
42 81 900
42 81 918
42 81 834
42 81 888
42 81 834
42 81 888
42 81 822
42 81 876
42 81 858
42 81 912
42 81 918
42 81 942
42 81 882
42 81 852
42 81 834
42 81 864
42 81 840
42 81 846
42 81 816
42 81 870
42 81 870
42 81 924
42 81 870
42 81 900
42 81 888
42 81 786
42 81 822
