37 81 714
37 81 708
37 81 696
37 81 726
37 81 750
37 81 708
37 81 666
37 81 624
37 81 714
37 81 690
37 81 732
37 81 714
37 81 804
37 81 690
37 81 870
37 81 750
37 81 774
37 81 780
37 81 660
37 81 744
37 81 750
37 81 798
37 81 696
37 81 750
37 81 714
37 81 672
37 81 744
37 81 792
37 81 678
37 81 732
37 81 744
37 81 726
37 81 696
37 81 750
37 81 708
37 81 774
37 81 720
37 81 720
37 81 726
37 81 720
37 81 684
37 81 744
37 81 756
37 81 726
37 81 750
37 81 690
37 81 726
37 81 720
37 81 732
37 81 708
37 81 726
37 81 702
37 81 690
37 81 792
37 81 798
37 81 750
37 81 750
37 81 744
37 81 762
37 81 690
37 81 732
37 81 726
37 81 636
37 81 702
37 81 702
37 81 672
37 81 684
37 81 744
37 81 690
37 81 714
37 81 660
37 81 756
37 81 738
37 81 756
37 81 762
37 81 732
37 81 720
37 81 702
37 81 732
37 81 768
37 81 786
37 81 768
37 81 708
37 81 666
37 81 756
37 81 666
37 81 678
37 81 744
37 81 738
37 81 774
37 81 714
37 81 708
37 81 690
37 81 714
37 81 762
37 81 720
37 81 720
37 81 708
37 81 678
37 81 726
37 81 684
37 81 708
37 81 714
37 81 792
37 81 816
37 81 726
37 81 708
37 81 648
37 81 732
37 81 750
37 81 750
37 81 792
37 81 792
37 81 750
37 81 714
37 81 678
37 81 714
37 81 756
37 81 762
37 81 726
37 81 690
37 81 750
37 81 792
37 81 708
37 81 756
37 81 774
37 81 672
37 81 726
37 81 720
37 81 726
37 81 726
37 81 708
37 81 702
37 81 696
37 81 744
37 81 726
37 81 780
37 81 714
37 81 702
37 81 744
37 81 708
37 81 762
37 81 708
37 81 804
37 81 696
37 81 678
37 81 714
37 81 654
37 81 774
37 81 690
37 81 804
37 81 774
37 81 720
37 81 678
37 81 756
37 81 696
37 81 756
37 81 726
37 81 714
37 81 762
37 81 714
37 81 768
37 81 774
37 81 696
37 81 702
37 81 690
37 81 684
37 81 738
37 81 756
37 81 768
37 81 798
37 81 684
37 81 738
37 81 732
37 81 750
37 81 732
37 81 726
37 81 768
37 81 720
37 81 708
37 81 702
37 81 720
37 81 726
37 81 714
37 81 738
37 81 780
37 81 798
37 81 678
37 81 744
37 81 816
37 81 768
37 81 720
37 81 720
37 81 648
37 81 732
37 81 738
37 81 708
37 81 678
37 81 762
37 81 738
37 81 702
37 81 762
37 81 780
37 81 666
37 81 732
37 81 762
37 81 744
37 81 786
37 81 750
37 81 720
37 81 702
37 81 702
37 81 732
37 81 780
37 81 714
37 81 822
37 81 780
37 81 714
37 81 744
37 81 714
37 81 744
37 81 732
37 81 744
37 81 684
37 81 756
37 81 774
37 81 744
37 81 726
37 81 774
37 81 756
37 81 756
37 81 720
37 81 720
37 81 780
37 81 672
37 81 732
37 81 714
37 81 852
37 81 690
37 81 720
37 81 744
37 81 738
37 81 870
37 81 708
37 81 750
37 81 780
37 81 678
37 81 708
37 81 750
37 81 714
37 81 762
37 81 774
37 81 774
37 81 720
37 81 678
37 81 660
37 81 792
37 81 780
37 81 768
37 81 762
37 81 738
37 81 714
37 81 732
37 81 714
37 81 696
37 81 768
37 81 708
37 81 714
37 81 744
37 81 750
37 81 744
37 81 720
37 81 714
37 81 780
37 81 720
37 81 726
37 81 738
37 81 708
37 81 798
37 81 756
37 81 798
37 81 696
37 81 762
37 81 702
37 81 678
37 81 750
37 81 696
37 81 732
37 81 696
37 81 702
37 81 774
37 81 678
37 81 756
37 81 762
37 81 672
37 81 702
37 81 750
37 81 720
37 81 756
37 81 768
37 81 762
37 81 774
37 81 762
37 81 792
37 81 690
37 81 726
37 81 696
37 81 768
37 81 690
37 81 744
37 81 756
37 81 690
37 81 780
37 81 714
37 81 744
37 81 690
37 81 780
37 81 768
37 81 696
37 81 714
37 81 762
37 81 720
37 81 768
37 81 738
37 81 684
37 81 750
37 81 726
37 81 738
37 81 756
37 81 714
37 81 696
37 81 720
37 81 762
37 81 792
37 81 732
37 81 696
37 81 768
37 81 666
37 81 744
37 81 744
37 81 720
37 81 726
37 81 768
37 81 666
37 81 702
37 81 750
37 81 762
37 81 768
37 81 708
37 81 738
37 81 672
37 81 786
37 81 678
37 81 726
37 81 774
37 81 660
37 81 780
37 81 750
37 81 756
37 81 744
37 81 732
37 81 726
37 81 792
37 81 732
37 81 702
37 81 786
37 81 798
37 81 732
37 81 732
37 81 756
37 81 750
37 81 696
37 81 696
37 81 822
37 81 690
37 81 798
37 81 726
37 81 744
37 81 684
37 81 666
37 81 702
37 81 750
37 81 720
37 81 714
37 81 726
37 81 702
37 81 720
37 81 720
37 81 654
37 81 666
37 81 756
37 81 756
37 81 696
37 81 714
37 81 750
37 81 780
37 81 702
37 81 762
37 81 756
37 81 684
37 81 768
37 81 708
37 81 666
37 81 714
37 81 726
37 81 744
37 81 780
37 81 660
37 81 708
37 81 696
37 81 762
37 81 744
37 81 744
37 81 696
37 81 732
37 81 684
37 81 780
37 81 720
37 81 732
37 81 738
37 81 720
37 81 798
37 81 798
37 81 720
37 81 720
37 81 702
37 81 660
37 81 738
37 81 726
37 81 714
37 81 774
37 81 822
37 81 726
37 81 762
37 81 690
37 81 690
37 81 804
37 81 720
37 81 642
37 81 726
37 81 762
37 81 666
37 81 684
37 81 660
37 81 768
37 81 678
37 81 726
37 81 756
37 81 756
37 81 720
37 81 750
37 81 762
37 81 744
37 81 720
37 81 732
37 81 792
37 81 738
37 81 780
37 81 726
37 81 696
37 81 732
37 81 720
37 81 762
37 81 792
37 81 768
37 81 810
37 81 720
37 81 774
37 81 696
37 81 654
37 81 792
37 81 672
37 81 702
37 81 690
37 81 756
37 81 798
37 81 696
37 81 726
37 81 726
37 81 738
37 81 780
37 81 708
37 81 732
37 81 708
37 81 690
37 81 750
37 81 762
37 81 708
37 81 726
37 81 672
37 81 696
37 81 768
37 81 708
37 81 642
37 81 708
37 81 738
37 81 774
37 81 774
37 81 696
37 81 738
37 81 762
37 81 690
37 81 708
37 81 714
37 81 738
37 81 780
37 81 738
37 81 744
37 81 744
37 81 672
37 81 738
37 81 702
37 81 798
37 81 702
37 81 726
37 81 630
37 81 678
37 81 774
37 81 714
37 81 708
37 81 702
37 81 696
37 81 726
37 81 768
37 81 702
37 81 684
37 81 708
37 81 726
37 81 690
37 81 738
37 81 768
37 81 762
37 81 756
37 81 702
37 81 786
37 81 714
37 81 696
37 81 684
37 81 750
37 81 720
37 81 768
37 81 732
37 81 660
37 81 654
37 81 798
37 81 726
37 81 750
37 81 708
37 81 804
37 81 738
37 81 750
37 81 714
37 81 762
37 81 708
37 81 708
37 81 726
37 81 822
37 81 672
37 81 744
37 81 798
37 81 714
37 81 702
37 81 768
37 81 768
37 81 768
37 81 732
37 81 702
37 81 714
37 81 768
37 81 726
37 81 750
37 81 738
37 81 702
37 81 768
37 81 750
37 81 702
37 81 678
37 81 756
37 81 708
37 81 774
37 81 708
37 81 810
37 81 738
37 81 720
37 81 672
37 81 702
37 81 720
37 81 738
37 81 762
37 81 702
37 81 726
37 81 702
37 81 756
37 81 726
37 81 744
37 81 714
37 81 672
37 81 684
37 81 672
37 81 744
37 81 732
37 81 792
37 81 660
37 81 762
37 81 720
37 81 708
37 81 696
37 81 744
37 81 750
37 81 684
37 81 762
37 81 714
37 81 774
37 81 780
37 81 732
37 81 738
37 81 690
37 81 690
37 81 708
37 81 744
37 81 672
37 81 774
37 81 744
37 81 684
37 81 744
37 81 786
37 81 786
37 81 762
37 81 804
37 81 720
37 81 738
37 81 714
37 81 822
37 81 786
37 81 816
37 81 792
37 81 792
37 81 696
37 81 768
37 81 696
37 81 750
37 81 714
37 81 810
37 81 726
37 81 756
37 81 738
37 81 714
37 81 678
37 81 708
37 81 714
37 81 726
37 81 720
37 81 774
37 81 744
37 81 762
37 81 696
37 81 726
37 81 708
37 81 738
37 81 726
37 81 786
37 81 798
37 81 750
37 81 678
37 81 684
37 81 696
37 81 768
37 81 714
37 81 762
37 81 726
37 81 672
37 81 804
37 81 732
37 81 726
37 81 786
37 81 744
37 81 696
37 81 690
37 81 780
37 81 756
37 81 750
37 81 792
37 81 672
37 81 696
37 81 774
37 81 756
37 81 654
37 81 738
37 81 660
37 81 732
37 81 750
37 81 726
37 81 702
37 81 750
37 81 750
37 81 726
37 81 780
37 81 804
37 81 744
37 81 732
37 81 732
37 81 702
37 81 768
37 81 690
37 81 702
37 81 750
37 81 798
37 81 846
37 81 756
37 81 732
37 81 732
37 81 768
37 81 666
37 81 792
37 81 798
37 81 774
37 81 702
37 81 690
37 81 726
37 81 684
37 81 744
37 81 684
37 81 696
37 81 786
37 81 762
37 81 714
37 81 726
37 81 690
37 81 666
37 81 738
37 81 780
37 81 696
37 81 702
37 81 774
37 81 774
37 81 708
37 81 708
37 81 714
37 81 714
37 81 756
37 81 750
37 81 726
37 81 684
37 81 738
37 81 684
37 81 756
37 81 714
37 81 720
37 81 720
37 81 810
37 81 690
37 81 702
37 81 750
37 81 750
37 81 744
37 81 780
37 81 732
37 81 762
37 81 702
37 81 708
37 81 744
37 81 756
37 81 744
37 81 696
37 81 666
37 81 786
37 81 750
37 81 726
37 81 714
37 81 696
37 81 774
37 81 738
37 81 708
37 81 792
37 81 726
37 81 678
37 81 810
37 81 762
37 81 774
37 81 738
37 81 744
37 81 690
37 81 798
37 81 750
37 81 696
37 81 768
37 81 714
37 81 714
37 81 732
37 81 696
37 81 720
37 81 708
37 81 726
37 81 702
37 81 768
37 81 726
37 81 702
37 81 768
37 81 708
37 81 678
37 81 696
37 81 798
37 81 738
37 81 804
37 81 780
37 81 672
37 81 696
37 81 732
37 81 642
37 81 636
37 81 684
37 81 690
37 81 708
37 81 720
37 81 672
37 81 720
37 81 744
37 81 768
37 81 762
37 81 744
37 81 684
37 81 738
37 81 756
37 81 702
37 81 738
37 81 786
37 81 642
37 81 744
37 81 768
37 81 738
37 81 690
37 81 798
37 81 660
37 81 762
37 81 648
37 81 726
37 81 660
37 81 756
37 81 660
37 81 786
37 81 798
37 81 780
37 81 780
37 81 690
37 81 768
37 81 714
37 81 744
37 81 756
37 81 654
37 81 678
37 81 726
37 81 792
37 81 774
37 81 786
37 81 768
37 81 750
37 81 774
37 81 768
37 81 702
37 81 744
37 81 804
37 81 720
37 81 702
37 81 714
37 81 774
37 81 690
37 81 738
37 81 786
37 81 744
37 81 714
37 81 708
37 81 726
37 81 750
37 81 744
37 81 708
37 81 720
37 81 678
37 81 732
37 81 750
37 81 696
37 81 786
37 81 720
37 81 750
37 81 786
37 81 738
37 81 726
37 81 684
37 81 834
37 81 690
37 81 780
37 81 744
37 81 744
37 81 798
37 81 756
37 81 708
37 81 696
37 81 744
37 81 744
37 81 768
37 81 738
37 81 810
37 81 702
37 81 780
37 81 672
37 81 702
37 81 750
37 81 756
37 81 774
37 81 678
37 81 816
37 81 672
37 81 762
37 81 714
37 81 720
37 81 654
37 81 720
37 81 708
37 81 822
37 81 750
37 81 714
37 81 702
37 81 702
37 81 720
37 81 720
37 81 750
37 81 708
37 81 750
37 81 762
37 81 738
37 81 750
37 81 750
37 81 804
37 81 792
37 81 684
37 81 726
37 81 726
37 81 762
37 81 750
37 81 768
37 81 726
37 81 726
37 81 714
37 81 714
37 81 756
37 81 756
37 81 780
37 81 750
37 81 702
37 81 846
37 81 708
37 81 732
37 81 780
37 81 750
37 81 744
37 81 756
37 81 774
37 81 660
37 81 714
37 81 702
37 81 642
37 81 690
37 81 738
37 81 684
37 81 702
37 81 744
37 81 714
37 81 768
37 81 714
37 81 774
37 81 738
37 81 816
37 81 750
37 81 762
37 81 738
37 81 780
37 81 792
37 81 738
37 81 750
37 81 732
37 81 708
37 81 786
37 81 834
37 81 744
37 81 732
37 81 744
37 81 798
37 81 786
37 81 720
37 81 672
37 81 720
37 81 702
37 81 750
37 81 780
37 81 678
37 81 678
37 81 756
37 81 702
37 81 744
37 81 786
37 81 666
