35 81 708
35 81 648
35 81 738
35 81 660
35 81 696
35 81 708
35 81 702
35 81 702
35 81 660
35 81 726
35 81 732
35 81 708
35 81 780
35 81 726
35 81 696
35 81 678
35 81 654
35 81 666
35 81 654
35 81 618
35 81 642
35 81 744
35 81 648
35 81 648
35 81 696
35 81 624
35 81 714
35 81 714
35 81 738
35 81 726
35 81 666
35 81 648
35 81 708
35 81 630
35 81 672
35 81 750
35 81 726
35 81 726
35 81 660
35 81 708
35 81 666
35 81 708
35 81 732
35 81 678
35 81 702
35 81 690
35 81 678
35 81 684
35 81 702
35 81 684
35 81 648
35 81 696
35 81 684
35 81 732
35 81 714
35 81 720
35 81 696
35 81 684
35 81 684
35 81 780
35 81 672
35 81 696
35 81 660
35 81 666
35 81 630
35 81 672
35 81 648
35 81 750
35 81 708
35 81 672
35 81 672
35 81 690
35 81 726
35 81 678
35 81 672
35 81 624
35 81 702
35 81 642
35 81 660
35 81 726
35 81 606
35 81 684
35 81 660
35 81 714
35 81 684
35 81 672
35 81 762
35 81 642
35 81 594
35 81 654
35 81 642
35 81 642
35 81 702
35 81 654
35 81 774
35 81 696
35 81 762
35 81 684
35 81 666
35 81 732
35 81 648
35 81 690
35 81 690
35 81 642
35 81 690
35 81 672
35 81 696
35 81 750
35 81 654
35 81 714
35 81 702
35 81 666
35 81 762
35 81 666
35 81 690
35 81 666
35 81 672
35 81 714
35 81 732
35 81 708
35 81 696
35 81 702
35 81 684
35 81 654
35 81 642
35 81 684
35 81 756
35 81 654
35 81 642
35 81 720
35 81 672
35 81 708
35 81 678
35 81 786
35 81 720
35 81 672
35 81 678
35 81 636
35 81 672
35 81 732
35 81 648
35 81 594
35 81 696
35 81 768
35 81 660
35 81 696
35 81 720
35 81 714
35 81 672
35 81 732
35 81 678
35 81 636
35 81 726
35 81 660
35 81 696
35 81 636
35 81 702
35 81 636
35 81 726
35 81 618
35 81 696
35 81 690
35 81 660
35 81 684
35 81 702
35 81 732
35 81 666
35 81 708
35 81 708
35 81 636
35 81 702
35 81 666
35 81 672
35 81 726
35 81 702
35 81 636
35 81 666
35 81 696
35 81 696
35 81 690
35 81 720
35 81 648
35 81 720
35 81 702
35 81 684
35 81 696
35 81 666
35 81 702
35 81 828
35 81 654
35 81 612
35 81 762
35 81 744
35 81 654
35 81 666
35 81 690
35 81 684
35 81 690
35 81 684
35 81 714
35 81 648
35 81 624
35 81 702
35 81 648
35 81 690
35 81 666
35 81 690
35 81 690
35 81 678
35 81 720
35 81 660
35 81 684
35 81 648
35 81 726
35 81 666
35 81 642
35 81 738
35 81 654
35 81 660
35 81 744
35 81 732
35 81 612
35 81 780
35 81 708
35 81 654
35 81 642
35 81 684
35 81 720
35 81 708
35 81 678
35 81 744
35 81 654
35 81 738
35 81 690
35 81 642
35 81 654
35 81 708
35 81 780
35 81 750
35 81 666
35 81 768
35 81 690
35 81 702
35 81 630
35 81 684
35 81 630
35 81 696
35 81 636
35 81 708
35 81 702
35 81 702
35 81 648
35 81 666
35 81 684
35 81 756
35 81 648
35 81 636
35 81 726
35 81 750
35 81 750
35 81 666
35 81 636
35 81 738
35 81 648
35 81 714
35 81 690
35 81 648
35 81 726
35 81 720
35 81 684
35 81 648
35 81 702
35 81 642
35 81 702
35 81 714
35 81 732
35 81 666
35 81 678
35 81 660
35 81 666
35 81 660
35 81 678
35 81 684
35 81 666
35 81 738
35 81 618
35 81 750
35 81 672
35 81 672
35 81 714
35 81 672
35 81 726
35 81 720
35 81 684
35 81 732
35 81 684
35 81 684
35 81 714
35 81 660
35 81 660
35 81 714
35 81 684
35 81 690
35 81 636
35 81 654
35 81 690
35 81 678
35 81 696
35 81 654
35 81 690
35 81 690
35 81 708
35 81 684
35 81 708
35 81 702
35 81 708
35 81 660
35 81 624
35 81 690
35 81 630
35 81 714
35 81 720
35 81 618
35 81 726
35 81 744
35 81 654
35 81 738
35 81 768
35 81 708
35 81 624
35 81 750
35 81 690
35 81 654
35 81 720
35 81 660
35 81 690
35 81 666
35 81 684
35 81 666
35 81 708
35 81 636
35 81 648
35 81 672
35 81 702
35 81 726
35 81 666
35 81 648
35 81 726
35 81 720
35 81 660
35 81 708
35 81 720
35 81 708
35 81 696
35 81 702
35 81 726
35 81 672
35 81 678
35 81 684
35 81 738
35 81 672
35 81 660
35 81 690
35 81 714
35 81 690
35 81 714
35 81 696
35 81 654
35 81 696
35 81 690
35 81 678
35 81 624
35 81 732
35 81 696
35 81 732
35 81 666
35 81 648
35 81 642
35 81 732
35 81 708
35 81 618
35 81 672
35 81 660
35 81 642
35 81 672
35 81 714
35 81 648
35 81 654
35 81 696
35 81 732
35 81 684
35 81 654
35 81 654
35 81 744
35 81 666
35 81 678
35 81 642
35 81 702
35 81 702
35 81 654
35 81 636
35 81 702
35 81 684
35 81 702
35 81 606
35 81 636
35 81 720
35 81 666
35 81 660
35 81 654
35 81 690
35 81 702
35 81 792
35 81 696
35 81 714
35 81 774
35 81 684
35 81 642
35 81 672
35 81 696
35 81 732
35 81 708
35 81 750
35 81 642
35 81 678
35 81 696
35 81 708
35 81 738
35 81 684
35 81 696
35 81 606
35 81 648
35 81 702
35 81 714
35 81 780
35 81 720
35 81 720
35 81 642
35 81 702
35 81 690
35 81 696
35 81 636
35 81 750
35 81 648
35 81 696
35 81 666
35 81 636
35 81 672
35 81 666
35 81 648
35 81 666
35 81 648
35 81 666
35 81 690
35 81 720
35 81 672
35 81 684
35 81 702
35 81 732
35 81 660
35 81 762
35 81 678
35 81 690
35 81 648
35 81 738
35 81 744
35 81 666
35 81 690
35 81 810
35 81 756
35 81 738
35 81 684
35 81 696
35 81 660
35 81 702
35 81 648
35 81 744
35 81 636
35 81 732
35 81 642
35 81 756
35 81 708
35 81 696
35 81 714
35 81 642
35 81 696
35 81 684
35 81 720
35 81 642
35 81 684
35 81 738
35 81 654
35 81 696
35 81 702
35 81 666
35 81 738
35 81 708
35 81 648
35 81 654
35 81 654
35 81 738
35 81 822
35 81 654
35 81 702
35 81 708
35 81 720
35 81 618
35 81 684
35 81 714
35 81 642
35 81 690
35 81 672
35 81 654
35 81 672
35 81 702
35 81 660
35 81 708
35 81 624
35 81 702
35 81 756
35 81 672
35 81 654
35 81 648
35 81 642
35 81 696
35 81 720
35 81 666
35 81 690
35 81 672
35 81 648
35 81 678
35 81 678
35 81 642
35 81 696
35 81 738
35 81 672
35 81 666
35 81 738
35 81 738
35 81 630
35 81 666
35 81 714
35 81 708
35 81 684
35 81 684
35 81 678
35 81 702
35 81 690
35 81 750
35 81 768
35 81 696
35 81 708
35 81 678
35 81 642
35 81 630
35 81 666
35 81 678
35 81 666
35 81 696
35 81 636
35 81 654
35 81 726
35 81 672
35 81 696
35 81 714
35 81 642
35 81 672
35 81 696
35 81 666
35 81 696
35 81 672
35 81 756
35 81 630
35 81 660
35 81 690
35 81 690
35 81 648
35 81 666
35 81 648
35 81 696
35 81 624
35 81 660
35 81 678
35 81 768
35 81 672
35 81 630
35 81 624
35 81 672
35 81 732
35 81 756
35 81 648
35 81 630
35 81 690
35 81 690
35 81 630
35 81 666
35 81 678
35 81 792
35 81 732
35 81 756
35 81 690
35 81 702
35 81 672
35 81 678
35 81 738
35 81 708
35 81 732
35 81 672
35 81 642
35 81 708
35 81 726
35 81 660
35 81 690
35 81 708
35 81 690
35 81 690
35 81 624
35 81 720
35 81 678
35 81 660
35 81 744
35 81 702
35 81 642
35 81 660
35 81 642
35 81 714
35 81 654
35 81 744
35 81 660
35 81 636
35 81 654
35 81 726
35 81 750
35 81 702
35 81 702
35 81 690
35 81 702
35 81 684
35 81 660
35 81 684
35 81 690
35 81 684
35 81 642
35 81 666
35 81 642
35 81 756
35 81 636
35 81 714
35 81 684
35 81 726
35 81 720
35 81 654
35 81 666
35 81 654
35 81 618
35 81 684
35 81 714
35 81 678
35 81 720
35 81 732
35 81 672
35 81 720
35 81 678
35 81 684
35 81 660
35 81 774
35 81 684
35 81 642
35 81 714
35 81 690
35 81 636
35 81 696
35 81 732
35 81 708
35 81 702
35 81 654
35 81 708
35 81 636
35 81 678
35 81 702
35 81 732
35 81 678
35 81 684
35 81 720
35 81 708
35 81 732
35 81 666
35 81 630
35 81 726
35 81 696
35 81 696
35 81 696
35 81 654
35 81 714
35 81 678
35 81 702
35 81 648
35 81 690
35 81 738
35 81 648
35 81 708
35 81 720
35 81 708
35 81 666
35 81 672
35 81 642
35 81 636
35 81 684
35 81 708
35 81 648
35 81 762
35 81 630
35 81 726
35 81 684
35 81 696
35 81 672
35 81 732
35 81 672
35 81 696
35 81 648
35 81 726
35 81 660
35 81 672
35 81 720
35 81 624
35 81 690
35 81 678
35 81 672
35 81 708
35 81 636
35 81 720
35 81 678
35 81 654
35 81 660
35 81 672
35 81 744
35 81 714
35 81 678
35 81 666
35 81 714
35 81 720
35 81 702
35 81 696
35 81 654
35 81 642
35 81 684
35 81 708
35 81 708
35 81 702
35 81 714
35 81 654
35 81 744
35 81 636
35 81 684
35 81 744
35 81 768
35 81 690
35 81 696
35 81 702
35 81 660
35 81 702
35 81 654
35 81 726
35 81 726
35 81 696
35 81 654
35 81 756
35 81 678
35 81 732
35 81 708
35 81 690
35 81 648
35 81 660
35 81 660
35 81 678
35 81 708
35 81 666
35 81 714
35 81 696
35 81 672
35 81 720
35 81 672
35 81 690
35 81 630
35 81 768
35 81 774
35 81 702
35 81 660
35 81 612
35 81 666
35 81 666
35 81 732
35 81 678
35 81 648
35 81 708
35 81 660
35 81 636
35 81 822
35 81 690
35 81 690
35 81 684
35 81 672
35 81 708
35 81 672
35 81 672
35 81 702
35 81 720
35 81 690
35 81 720
35 81 708
35 81 684
35 81 636
35 81 696
35 81 654
35 81 768
35 81 654
35 81 648
35 81 672
35 81 702
35 81 714
35 81 654
35 81 666
35 81 702
35 81 654
35 81 690
35 81 690
35 81 708
35 81 660
35 81 696
35 81 678
35 81 648
35 81 726
35 81 696
35 81 678
35 81 666
35 81 678
35 81 666
35 81 702
35 81 696
35 81 690
35 81 636
35 81 750
35 81 678
35 81 666
35 81 708
35 81 678
35 81 678
35 81 738
35 81 642
35 81 702
35 81 690
35 81 690
35 81 732
35 81 768
35 81 726
35 81 690
35 81 672
35 81 672
35 81 678
35 81 654
35 81 744
35 81 678
35 81 636
35 81 690
35 81 660
35 81 678
35 81 720
35 81 738
35 81 726
35 81 630
35 81 732
35 81 660
35 81 648
35 81 690
35 81 678
35 81 666
35 81 618
35 81 690
35 81 696
35 81 708
35 81 708
35 81 714
35 81 660
35 81 684
35 81 738
35 81 702
35 81 780
35 81 678
35 81 666
35 81 672
35 81 696
35 81 702
35 81 726
35 81 672
35 81 636
35 81 666
35 81 696
35 81 630
35 81 684
35 81 672
35 81 720
35 81 666
35 81 654
35 81 624
35 81 654
35 81 732
35 81 714
35 81 666
35 81 624
35 81 684
35 81 678
35 81 738
35 81 642
35 81 786
35 81 726
35 81 660
35 81 720
35 81 678
35 81 762
35 81 690
35 81 678
35 81 672
35 81 660
35 81 666
35 81 678
35 81 750
35 81 684
35 81 666
35 81 672
35 81 726
35 81 666
35 81 654
35 81 678
35 81 750
35 81 642
35 81 666
35 81 696
35 81 678
35 81 678
35 81 714
35 81 630
35 81 684
35 81 726
35 81 642
35 81 708
35 81 660
35 81 798
35 81 660
35 81 720
35 81 696
35 81 666
35 81 684
35 81 696
35 81 654
35 81 678
35 81 678
35 81 660
35 81 726
35 81 648
35 81 762
35 81 684
35 81 678
35 81 708
35 81 690
35 81 678
35 81 690
35 81 744
35 81 684
35 81 654
35 81 684
35 81 708
35 81 654
35 81 660
35 81 696
35 81 696
35 81 672
35 81 684
35 81 708
35 81 648
35 81 678
35 81 762
35 81 738
35 81 600
35 81 684
35 81 648
35 81 792
35 81 672
35 81 696
35 81 696
35 81 654
35 81 720
35 81 666
35 81 678
35 81 720
35 81 666
35 81 660
35 81 678
35 81 714
35 81 708
35 81 654
