27 81 600
27 81 546
27 81 546
27 81 528
27 81 612
27 81 612
27 81 576
27 81 588
27 81 528
27 81 576
27 81 570
27 81 588
27 81 552
27 81 582
27 81 600
27 81 576
27 81 594
27 81 582
27 81 546
27 81 648
27 81 558
27 81 552
27 81 606
27 81 558
27 81 552
27 81 582
27 81 564
27 81 600
27 81 582
27 81 546
27 81 588
27 81 546
27 81 588
27 81 576
27 81 564
27 81 570
27 81 546
27 81 570
27 81 618
27 81 552
27 81 546
27 81 546
27 81 552
27 81 552
27 81 612
27 81 582
27 81 588
27 81 582
27 81 540
27 81 564
27 81 558
27 81 582
27 81 600
27 81 546
27 81 552
27 81 570
27 81 552
27 81 570
27 81 546
27 81 528
27 81 570
27 81 528
27 81 546
27 81 552
27 81 552
27 81 558
27 81 570
27 81 570
27 81 582
27 81 564
27 81 606
27 81 576
27 81 534
27 81 564
27 81 546
27 81 558
27 81 576
27 81 612
27 81 540
27 81 564
27 81 528
27 81 564
27 81 546
27 81 576
27 81 546
27 81 558
27 81 546
27 81 570
27 81 576
27 81 600
27 81 570
27 81 606
27 81 594
27 81 540
27 81 576
27 81 534
27 81 600
27 81 540
27 81 576
27 81 558
27 81 564
27 81 612
27 81 600
27 81 552
27 81 582
27 81 588
27 81 588
27 81 558
27 81 588
27 81 558
27 81 558
27 81 534
27 81 600
27 81 552
27 81 582
27 81 558
27 81 588
27 81 570
27 81 588
27 81 612
27 81 594
27 81 582
27 81 588
27 81 564
27 81 594
27 81 594
27 81 540
27 81 558
27 81 606
27 81 540
27 81 534
27 81 570
27 81 636
27 81 630
27 81 564
27 81 606
27 81 558
27 81 558
27 81 564
27 81 564
27 81 540
27 81 558
27 81 558
27 81 570
27 81 534
27 81 546
27 81 552
27 81 582
27 81 564
27 81 552
27 81 546
27 81 534
27 81 582
27 81 576
27 81 588
27 81 594
27 81 552
27 81 534
27 81 564
27 81 540
27 81 582
27 81 546
27 81 576
27 81 552
27 81 546
27 81 558
27 81 576
27 81 564
27 81 564
27 81 606
27 81 570
27 81 570
27 81 546
27 81 618
27 81 588
27 81 546
27 81 546
27 81 576
27 81 558
27 81 564
27 81 564
27 81 552
27 81 516
27 81 606
27 81 522
27 81 576
27 81 576
27 81 576
27 81 564
27 81 558
27 81 624
27 81 546
27 81 600
27 81 552
27 81 540
27 81 546
27 81 540
27 81 600
27 81 624
27 81 546
27 81 606
27 81 546
27 81 582
27 81 612
27 81 510
27 81 570
27 81 576
27 81 546
27 81 588
27 81 594
27 81 528
27 81 648
27 81 564
27 81 618
27 81 576
27 81 528
27 81 576
27 81 540
27 81 552
27 81 564
27 81 558
27 81 570
27 81 576
27 81 576
27 81 570
27 81 594
27 81 606
27 81 576
27 81 564
27 81 594
27 81 552
27 81 600
27 81 570
27 81 576
27 81 546
27 81 558
27 81 558
27 81 558
27 81 558
27 81 558
27 81 534
27 81 540
27 81 582
27 81 552
27 81 552
27 81 570
27 81 588
27 81 552
27 81 570
27 81 546
27 81 582
27 81 594
27 81 600
27 81 576
27 81 600
27 81 528
27 81 588
27 81 564
27 81 552
27 81 552
27 81 600
27 81 558
27 81 630
27 81 570
27 81 540
27 81 552
27 81 528
27 81 546
27 81 564
27 81 576
27 81 576
27 81 552
27 81 558
27 81 570
27 81 570
27 81 576
27 81 540
27 81 570
27 81 570
27 81 540
27 81 564
27 81 606
27 81 558
27 81 600
27 81 558
27 81 564
27 81 558
27 81 582
27 81 582
27 81 540
27 81 582
27 81 570
27 81 552
27 81 552
27 81 612
27 81 618
27 81 570
27 81 594
27 81 558
27 81 558
27 81 600
27 81 588
27 81 594
27 81 534
27 81 570
27 81 594
27 81 534
27 81 558
27 81 552
27 81 606
27 81 552
27 81 558
27 81 582
27 81 570
27 81 648
27 81 582
27 81 558
27 81 576
27 81 588
27 81 600
27 81 570
27 81 588
27 81 594
27 81 540
27 81 594
27 81 618
27 81 588
27 81 606
27 81 558
27 81 552
27 81 576
27 81 534
27 81 534
27 81 534
27 81 522
27 81 558
27 81 582
27 81 582
27 81 636
27 81 606
27 81 558
27 81 582
27 81 570
27 81 570
27 81 564
27 81 534
27 81 558
27 81 570
27 81 558
27 81 636
27 81 570
27 81 618
27 81 564
27 81 546
27 81 564
27 81 600
27 81 588
27 81 570
27 81 594
27 81 558
27 81 630
27 81 558
27 81 558
27 81 582
27 81 570
27 81 582
27 81 612
27 81 588
27 81 600
27 81 528
27 81 534
27 81 570
27 81 546
27 81 576
27 81 582
27 81 552
27 81 546
27 81 528
27 81 552
27 81 564
27 81 558
27 81 552
27 81 624
27 81 558
27 81 588
27 81 552
27 81 546
27 81 564
27 81 606
27 81 576
27 81 522
27 81 546
27 81 534
27 81 528
27 81 594
27 81 582
27 81 522
27 81 564
27 81 540
27 81 594
27 81 546
27 81 570
27 81 552
27 81 582
27 81 618
27 81 612
27 81 570
27 81 588
27 81 570
27 81 522
27 81 546
27 81 588
27 81 588
27 81 558
27 81 540
27 81 588
27 81 540
27 81 594
27 81 570
27 81 582
27 81 552
27 81 558
27 81 564
27 81 570
27 81 546
27 81 558
27 81 522
27 81 570
27 81 594
27 81 564
27 81 588
27 81 582
27 81 588
27 81 540
27 81 570
27 81 552
27 81 600
27 81 570
27 81 558
27 81 558
27 81 558
27 81 576
27 81 564
27 81 558
27 81 576
27 81 594
27 81 576
27 81 546
27 81 588
27 81 612
27 81 558
27 81 588
27 81 606
27 81 558
27 81 582
27 81 612
27 81 576
27 81 594
27 81 588
27 81 546
27 81 570
27 81 540
27 81 588
27 81 570
27 81 558
27 81 558
27 81 606
27 81 558
27 81 570
27 81 588
27 81 552
27 81 546
27 81 570
27 81 564
27 81 570
27 81 570
27 81 576
27 81 540
27 81 600
27 81 570
27 81 564
27 81 552
27 81 624
27 81 564
27 81 558
27 81 552
27 81 564
27 81 546
27 81 618
27 81 564
27 81 540
27 81 636
27 81 582
27 81 576
27 81 582
27 81 576
27 81 558
27 81 570
27 81 576
27 81 576
27 81 552
27 81 600
27 81 564
27 81 576
27 81 612
27 81 552
27 81 588
27 81 576
27 81 570
27 81 612
27 81 564
27 81 600
27 81 588
27 81 540
27 81 558
27 81 576
27 81 504
27 81 534
27 81 570
27 81 558
27 81 606
27 81 576
27 81 552
27 81 540
27 81 564
27 81 570
27 81 534
27 81 552
27 81 570
27 81 558
27 81 582
27 81 582
27 81 576
27 81 564
27 81 552
27 81 570
27 81 582
27 81 570
27 81 582
27 81 558
27 81 558
27 81 558
27 81 576
27 81 546
27 81 636
27 81 576
27 81 552
27 81 624
27 81 600
27 81 564
27 81 570
27 81 594
27 81 546
27 81 552
27 81 570
27 81 594
27 81 570
27 81 582
27 81 606
27 81 540
27 81 624
27 81 612
27 81 558
27 81 558
27 81 552
27 81 546
27 81 546
27 81 564
27 81 558
27 81 558
27 81 618
27 81 618
27 81 570
27 81 546
27 81 552
27 81 540
27 81 564
27 81 540
27 81 594
27 81 576
27 81 582
27 81 540
27 81 576
27 81 552
27 81 558
27 81 600
27 81 552
27 81 606
27 81 564
27 81 528
27 81 570
27 81 546
27 81 558
27 81 570
27 81 582
27 81 552
27 81 570
27 81 570
27 81 564
27 81 540
27 81 594
27 81 564
27 81 564
27 81 588
27 81 624
27 81 570
27 81 570
27 81 552
27 81 552
27 81 534
27 81 594
27 81 618
27 81 552
27 81 558
27 81 540
27 81 534
27 81 534
27 81 558
27 81 534
27 81 576
27 81 576
27 81 582
27 81 600
27 81 582
27 81 570
27 81 600
27 81 552
27 81 540
27 81 570
27 81 600
27 81 588
27 81 534
27 81 564
27 81 582
27 81 558
27 81 564
27 81 558
27 81 594
27 81 558
27 81 606
27 81 534
27 81 576
27 81 558
27 81 582
27 81 600
27 81 534
27 81 612
27 81 594
27 81 534
27 81 552
27 81 594
27 81 588
27 81 606
27 81 564
27 81 540
27 81 642
27 81 540
27 81 516
27 81 552
27 81 582
27 81 588
27 81 594
27 81 570
27 81 564
27 81 558
27 81 582
27 81 588
27 81 540
27 81 558
27 81 558
27 81 582
27 81 552
27 81 588
27 81 576
27 81 612
27 81 528
27 81 546
27 81 594
27 81 552
27 81 600
27 81 582
27 81 576
27 81 528
27 81 570
27 81 606
27 81 582
27 81 558
27 81 552
27 81 570
27 81 576
27 81 588
27 81 546
27 81 588
27 81 588
27 81 576
27 81 528
27 81 588
27 81 570
27 81 564
27 81 546
27 81 552
27 81 552
27 81 624
27 81 600
27 81 588
27 81 570
27 81 606
27 81 570
27 81 558
27 81 594
27 81 612
27 81 558
27 81 546
27 81 534
27 81 588
27 81 582
27 81 594
27 81 552
27 81 570
27 81 564
27 81 618
27 81 534
27 81 570
27 81 516
27 81 534
27 81 588
27 81 558
27 81 558
27 81 582
27 81 576
27 81 564
27 81 540
27 81 582
27 81 552
27 81 570
27 81 546
27 81 540
27 81 606
27 81 582
27 81 522
27 81 570
27 81 540
27 81 558
27 81 582
27 81 600
27 81 576
27 81 588
27 81 576
27 81 582
27 81 600
27 81 534
27 81 570
27 81 564
27 81 636
27 81 594
27 81 546
27 81 576
27 81 600
27 81 588
27 81 540
27 81 576
27 81 546
27 81 570
27 81 576
27 81 534
27 81 582
27 81 570
27 81 552
27 81 552
27 81 594
27 81 570
27 81 582
27 81 588
27 81 588
27 81 546
27 81 564
27 81 558
27 81 546
27 81 576
27 81 576
27 81 612
27 81 534
27 81 594
27 81 558
27 81 570
27 81 546
27 81 624
27 81 564
27 81 552
27 81 564
27 81 522
27 81 540
27 81 624
27 81 582
27 81 600
27 81 582
27 81 576
27 81 540
27 81 588
27 81 594
27 81 540
27 81 552
27 81 582
27 81 564
27 81 570
27 81 618
27 81 576
27 81 576
27 81 534
27 81 612
27 81 558
27 81 576
27 81 582
27 81 606
27 81 564
27 81 576
27 81 624
27 81 582
27 81 564
27 81 576
27 81 546
27 81 528
27 81 624
27 81 588
27 81 588
27 81 582
27 81 564
27 81 618
27 81 546
27 81 576
27 81 618
27 81 576
27 81 576
27 81 618
27 81 618
27 81 600
27 81 564
27 81 570
27 81 570
27 81 564
27 81 594
27 81 570
27 81 540
27 81 528
27 81 642
27 81 528
27 81 594
27 81 540
27 81 582
27 81 606
27 81 576
27 81 540
27 81 594
27 81 558
27 81 594
27 81 594
27 81 576
27 81 546
27 81 564
27 81 558
27 81 552
27 81 576
27 81 552
27 81 600
27 81 570
27 81 546
27 81 570
27 81 564
27 81 540
27 81 594
27 81 570
27 81 576
27 81 576
27 81 594
27 81 534
27 81 576
27 81 588
27 81 534
27 81 534
27 81 564
27 81 546
27 81 552
27 81 582
27 81 576
27 81 558
27 81 570
27 81 558
27 81 600
27 81 576
27 81 588
27 81 558
27 81 570
27 81 546
27 81 630
27 81 582
27 81 588
27 81 564
27 81 546
27 81 546
27 81 558
27 81 576
27 81 576
27 81 558
27 81 570
27 81 546
27 81 534
27 81 582
27 81 546
27 81 600
27 81 540
27 81 576
27 81 606
27 81 582
27 81 564
27 81 594
27 81 582
27 81 570
27 81 582
27 81 564
27 81 588
27 81 552
27 81 540
27 81 564
27 81 558
27 81 564
27 81 546
27 81 576
27 81 558
27 81 588
27 81 528
27 81 528
27 81 570
27 81 558
27 81 546
27 81 576
27 81 576
27 81 588
27 81 552
27 81 558
27 81 528
27 81 594
27 81 540
27 81 600
27 81 576
27 81 534
27 81 594
27 81 582
27 81 540
27 81 588
27 81 558
27 81 540
27 81 600
27 81 600
27 81 618
27 81 570
27 81 540
27 81 570
27 81 594
27 81 558
27 81 558
27 81 570
27 81 564
27 81 600
27 81 570
27 81 612
27 81 612
27 81 540
27 81 558
27 81 528
27 81 564
27 81 582
27 81 576
27 81 522
27 81 522
27 81 552
27 81 576
27 81 606
27 81 594
27 81 606
27 81 558
27 81 546
27 81 558
27 81 600
27 81 546
27 81 558
27 81 564
27 81 558
27 81 570
27 81 558
27 81 594
27 81 540
27 81 540
27 81 570
27 81 558
27 81 588
27 81 570
27 81 594
27 81 582
27 81 558
27 81 600
