26 81 540
26 81 582
26 81 546
26 81 576
26 81 552
26 81 570
26 81 570
26 81 582
26 81 552
26 81 540
26 81 540
26 81 564
26 81 528
26 81 618
26 81 564
26 81 582
26 81 582
26 81 594
26 81 552
26 81 558
26 81 546
26 81 564
26 81 582
26 81 552
26 81 564
26 81 582
26 81 540
26 81 564
26 81 576
26 81 552
26 81 576
26 81 528
26 81 582
26 81 546
26 81 558
26 81 564
26 81 570
26 81 564
26 81 528
26 81 534
26 81 564
26 81 546
26 81 570
26 81 588
26 81 528
26 81 606
26 81 540
26 81 588
26 81 576
26 81 534
26 81 582
26 81 546
26 81 546
26 81 582
26 81 576
26 81 588
26 81 612
26 81 570
26 81 546
26 81 546
26 81 546
26 81 564
26 81 558
26 81 564
26 81 600
26 81 600
26 81 564
26 81 570
26 81 564
26 81 528
26 81 558
26 81 564
26 81 534
26 81 564
26 81 618
26 81 558
26 81 528
26 81 558
26 81 552
26 81 576
26 81 588
26 81 570
26 81 624
26 81 624
26 81 582
26 81 570
26 81 558
26 81 570
26 81 570
26 81 528
26 81 570
26 81 552
26 81 576
26 81 570
26 81 546
26 81 570
26 81 558
26 81 582
26 81 600
26 81 606
26 81 522
26 81 564
26 81 528
26 81 564
26 81 588
26 81 552
26 81 570
26 81 588
26 81 576
26 81 582
26 81 582
26 81 558
26 81 570
26 81 564
26 81 528
26 81 558
26 81 582
26 81 606
26 81 552
26 81 522
26 81 558
26 81 552
26 81 582
26 81 558
26 81 552
26 81 558
26 81 552
26 81 576
26 81 534
26 81 576
26 81 570
26 81 570
26 81 528
26 81 576
26 81 564
26 81 546
26 81 546
26 81 534
26 81 564
26 81 558
26 81 576
26 81 630
26 81 534
26 81 570
26 81 546
26 81 564
26 81 552
26 81 564
26 81 540
26 81 552
26 81 594
26 81 558
26 81 594
26 81 534
26 81 510
26 81 582
26 81 510
26 81 588
26 81 516
26 81 522
26 81 600
26 81 552
26 81 588
26 81 546
26 81 504
26 81 564
26 81 546
26 81 564
26 81 546
26 81 552
26 81 594
26 81 570
26 81 576
26 81 516
26 81 582
26 81 558
26 81 558
26 81 552
26 81 534
26 81 558
26 81 528
26 81 534
26 81 612
26 81 528
26 81 540
26 81 606
26 81 588
26 81 528
26 81 594
26 81 570
26 81 546
26 81 570
26 81 594
26 81 552
26 81 570
26 81 546
26 81 582
26 81 528
26 81 594
26 81 570
26 81 552
26 81 558
26 81 528
26 81 582
26 81 570
26 81 570
26 81 540
26 81 582
26 81 570
26 81 516
26 81 624
26 81 558
26 81 552
26 81 588
26 81 606
26 81 570
26 81 564
26 81 582
26 81 552
26 81 600
26 81 516
26 81 624
26 81 570
26 81 576
26 81 552
26 81 588
26 81 534
26 81 504
26 81 570
26 81 558
26 81 576
26 81 546
26 81 582
26 81 600
26 81 612
26 81 546
26 81 552
26 81 570
26 81 558
26 81 504
26 81 552
26 81 546
26 81 600
26 81 552
26 81 594
26 81 588
26 81 570
26 81 624
26 81 600
26 81 558
26 81 564
26 81 534
26 81 558
26 81 534
26 81 552
26 81 576
26 81 624
26 81 594
26 81 558
26 81 582
26 81 564
26 81 588
26 81 546
26 81 546
26 81 558
26 81 552
26 81 540
26 81 534
26 81 546
26 81 540
26 81 582
26 81 570
26 81 570
26 81 564
26 81 570
26 81 558
26 81 582
26 81 558
26 81 558
26 81 552
26 81 534
26 81 570
26 81 582
26 81 528
26 81 558
26 81 606
26 81 540
26 81 528
26 81 582
26 81 528
26 81 522
26 81 546
26 81 552
26 81 528
26 81 522
26 81 546
26 81 552
26 81 576
26 81 552
26 81 594
26 81 546
26 81 606
26 81 594
26 81 576
26 81 558
26 81 588
26 81 552
26 81 534
26 81 522
26 81 564
26 81 528
26 81 570
26 81 588
26 81 594
26 81 546
26 81 564
26 81 564
26 81 546
26 81 582
26 81 552
26 81 564
26 81 564
26 81 606
26 81 564
26 81 546
26 81 570
26 81 582
26 81 582
26 81 552
26 81 582
26 81 570
26 81 552
26 81 582
26 81 582
26 81 576
26 81 570
26 81 552
26 81 558
26 81 528
26 81 546
26 81 570
26 81 540
26 81 546
26 81 546
26 81 576
26 81 540
26 81 534
26 81 558
26 81 534
26 81 552
26 81 570
26 81 588
26 81 606
26 81 624
26 81 528
26 81 576
26 81 558
26 81 552
26 81 576
26 81 564
26 81 582
26 81 576
26 81 570
26 81 594
26 81 558
26 81 528
26 81 516
26 81 570
26 81 546
26 81 564
26 81 564
26 81 612
26 81 540
26 81 546
26 81 582
26 81 582
26 81 552
26 81 624
26 81 564
26 81 558
26 81 528
26 81 552
26 81 588
26 81 570
26 81 552
26 81 552
26 81 546
26 81 588
26 81 516
26 81 534
26 81 588
26 81 582
26 81 558
26 81 528
26 81 582
26 81 564
26 81 522
26 81 546
26 81 570
26 81 564
26 81 540
26 81 552
26 81 564
26 81 552
26 81 552
26 81 558
26 81 606
26 81 594
26 81 546
26 81 552
26 81 564
26 81 546
26 81 540
26 81 564
26 81 576
26 81 576
26 81 558
26 81 534
26 81 576
26 81 570
26 81 546
26 81 570
26 81 582
26 81 594
26 81 570
26 81 552
26 81 582
26 81 534
26 81 558
26 81 552
26 81 576
26 81 564
26 81 600
26 81 546
26 81 552
26 81 564
26 81 588
26 81 540
26 81 570
26 81 588
26 81 576
26 81 546
26 81 534
26 81 564
26 81 570
26 81 558
26 81 588
26 81 534
26 81 540
26 81 546
26 81 564
26 81 528
26 81 546
26 81 564
26 81 540
26 81 576
26 81 594
26 81 618
26 81 546
26 81 540
26 81 564
26 81 582
26 81 576
26 81 528
26 81 588
26 81 552
26 81 516
26 81 570
26 81 588
26 81 570
26 81 540
26 81 582
26 81 600
26 81 534
26 81 594
26 81 546
26 81 540
26 81 576
26 81 576
26 81 546
26 81 534
26 81 576
26 81 570
26 81 570
26 81 558
26 81 552
26 81 534
26 81 540
26 81 570
26 81 546
26 81 564
26 81 582
26 81 576
26 81 594
26 81 564
26 81 564
26 81 558
26 81 540
26 81 570
26 81 564
26 81 588
26 81 546
26 81 576
26 81 600
26 81 600
26 81 534
26 81 564
26 81 600
26 81 546
26 81 534
26 81 528
26 81 546
26 81 522
26 81 534
26 81 588
26 81 570
26 81 612
26 81 588
26 81 546
26 81 546
26 81 546
26 81 540
26 81 576
26 81 588
26 81 570
26 81 594
26 81 552
26 81 534
26 81 558
26 81 582
26 81 564
26 81 546
26 81 600
26 81 582
26 81 564
26 81 522
26 81 576
26 81 540
26 81 588
26 81 582
26 81 534
26 81 606
26 81 564
26 81 516
26 81 564
26 81 594
26 81 540
26 81 606
26 81 582
26 81 600
26 81 534
26 81 594
26 81 540
26 81 552
26 81 558
26 81 528
26 81 534
26 81 612
26 81 558
26 81 570
26 81 528
26 81 540
26 81 564
26 81 570
26 81 528
26 81 546
26 81 564
26 81 546
26 81 558
26 81 564
26 81 546
26 81 588
26 81 546
26 81 564
26 81 534
26 81 528
26 81 558
26 81 564
26 81 588
26 81 588
26 81 576
26 81 570
26 81 558
26 81 570
26 81 516
26 81 564
26 81 540
26 81 564
26 81 558
26 81 546
26 81 618
26 81 606
26 81 570
26 81 558
26 81 522
26 81 558
26 81 576
26 81 552
26 81 552
26 81 546
26 81 570
26 81 558
26 81 570
26 81 558
26 81 558
26 81 528
26 81 546
26 81 552
26 81 582
26 81 624
26 81 546
26 81 558
26 81 558
26 81 558
26 81 558
26 81 570
26 81 540
26 81 612
26 81 588
26 81 558
26 81 546
26 81 558
26 81 540
26 81 558
26 81 558
26 81 546
26 81 564
26 81 564
26 81 558
26 81 558
26 81 546
26 81 576
26 81 588
26 81 552
26 81 522
26 81 558
26 81 552
26 81 528
26 81 558
26 81 546
26 81 552
26 81 540
26 81 576
26 81 576
26 81 600
26 81 594
26 81 558
26 81 570
26 81 516
26 81 552
26 81 570
26 81 582
26 81 564
26 81 552
26 81 576
26 81 576
26 81 522
26 81 588
26 81 558
26 81 582
26 81 570
26 81 528
26 81 594
26 81 546
26 81 576
26 81 564
26 81 546
26 81 546
26 81 606
26 81 528
26 81 540
26 81 552
26 81 546
26 81 540
26 81 558
26 81 540
26 81 522
26 81 528
26 81 540
26 81 558
26 81 588
26 81 570
26 81 546
26 81 546
26 81 528
26 81 552
26 81 516
26 81 558
26 81 558
26 81 588
26 81 594
26 81 534
26 81 552
26 81 552
26 81 534
26 81 576
26 81 564
26 81 552
26 81 576
26 81 552
26 81 540
26 81 552
26 81 570
26 81 582
26 81 558
26 81 582
26 81 582
26 81 540
26 81 570
26 81 546
26 81 540
26 81 528
26 81 564
26 81 522
26 81 564
26 81 552
26 81 600
26 81 558
26 81 570
26 81 570
26 81 564
26 81 570
26 81 558
26 81 546
26 81 540
26 81 570
26 81 492
26 81 546
26 81 546
26 81 552
26 81 564
26 81 558
26 81 558
26 81 564
26 81 546
26 81 582
26 81 606
26 81 570
26 81 546
26 81 528
26 81 558
26 81 570
26 81 546
26 81 582
26 81 546
26 81 528
26 81 558
26 81 534
26 81 546
26 81 588
26 81 576
26 81 576
26 81 558
26 81 534
26 81 582
26 81 552
26 81 534
26 81 564
26 81 552
26 81 576
26 81 606
26 81 534
26 81 558
26 81 546
26 81 546
26 81 558
26 81 570
26 81 576
26 81 540
26 81 540
26 81 588
26 81 534
26 81 534
26 81 552
26 81 588
26 81 564
26 81 570
26 81 558
26 81 534
26 81 564
26 81 564
26 81 570
26 81 588
26 81 552
26 81 510
26 81 522
26 81 570
26 81 588
26 81 582
26 81 552
26 81 576
26 81 582
26 81 558
26 81 558
26 81 558
26 81 588
26 81 564
26 81 564
26 81 564
26 81 588
26 81 582
26 81 558
26 81 558
26 81 570
26 81 546
26 81 528
26 81 570
26 81 600
26 81 528
26 81 564
26 81 618
26 81 540
26 81 552
26 81 552
26 81 582
26 81 504
26 81 540
26 81 564
26 81 600
26 81 522
26 81 552
26 81 582
26 81 576
26 81 564
26 81 546
26 81 534
26 81 588
26 81 534
26 81 600
26 81 540
26 81 564
26 81 564
26 81 552
26 81 528
26 81 564
26 81 588
26 81 522
26 81 594
26 81 558
26 81 552
26 81 552
26 81 600
26 81 582
26 81 552
26 81 552
26 81 540
26 81 570
26 81 552
26 81 594
26 81 594
26 81 570
26 81 558
26 81 564
26 81 564
26 81 546
26 81 576
26 81 564
26 81 546
26 81 570
26 81 534
26 81 528
26 81 540
26 81 522
26 81 564
26 81 540
26 81 540
26 81 528
26 81 612
26 81 564
26 81 564
26 81 564
26 81 558
26 81 516
26 81 588
26 81 570
26 81 558
26 81 582
26 81 576
26 81 546
26 81 558
26 81 564
26 81 534
26 81 570
26 81 558
26 81 534
26 81 564
26 81 558
26 81 582
26 81 558
26 81 522
26 81 600
26 81 564
26 81 606
26 81 558
26 81 552
26 81 522
26 81 570
26 81 558
26 81 594
26 81 558
26 81 594
26 81 594
26 81 546
26 81 546
26 81 546
26 81 534
26 81 594
26 81 546
26 81 534
26 81 528
26 81 564
26 81 540
26 81 570
26 81 540
26 81 558
26 81 540
26 81 600
26 81 558
26 81 558
26 81 576
26 81 546
26 81 564
26 81 540
26 81 576
26 81 540
26 81 576
26 81 558
26 81 546
26 81 570
26 81 570
26 81 534
26 81 540
26 81 540
26 81 552
26 81 570
26 81 570
26 81 540
26 81 534
26 81 588
26 81 546
26 81 576
26 81 546
26 81 582
26 81 618
26 81 636
26 81 522
26 81 540
26 81 570
26 81 540
26 81 582
26 81 540
26 81 636
26 81 582
26 81 558
26 81 522
26 81 588
26 81 540
26 81 546
26 81 576
26 81 564
26 81 582
26 81 534
26 81 546
26 81 552
26 81 552
26 81 570
26 81 558
26 81 522
26 81 564
26 81 570
26 81 564
26 81 558
26 81 540
26 81 540
26 81 540
26 81 612
26 81 552
26 81 528
26 81 558
26 81 594
26 81 540
26 81 582
26 81 570
26 81 594
26 81 558
26 81 546
26 81 534
26 81 534
26 81 540
26 81 546
26 81 576
26 81 540
26 81 546
26 81 570
26 81 534
26 81 552
26 81 582
26 81 552
26 81 546
26 81 582
