32 81 624
32 81 654
32 81 624
32 81 612
32 81 594
32 81 660
32 81 606
32 81 618
32 81 654
32 81 618
32 81 660
32 81 750
32 81 600
32 81 642
32 81 678
32 81 642
32 81 648
32 81 600
32 81 588
32 81 594
32 81 666
32 81 606
32 81 660
32 81 606
32 81 642
32 81 618
32 81 600
32 81 666
32 81 678
32 81 600
32 81 612
32 81 612
32 81 564
32 81 660
32 81 612
32 81 642
32 81 648
32 81 636
32 81 606
32 81 624
32 81 618
32 81 576
32 81 630
32 81 642
32 81 612
32 81 648
32 81 630
32 81 582
32 81 594
32 81 630
32 81 630
32 81 654
32 81 678
32 81 672
32 81 630
32 81 594
32 81 606
32 81 678
32 81 618
32 81 618
32 81 660
32 81 636
32 81 588
32 81 606
32 81 594
32 81 642
32 81 606
32 81 654
32 81 678
32 81 588
32 81 666
32 81 600
32 81 606
32 81 696
32 81 606
32 81 630
32 81 654
32 81 654
32 81 612
32 81 708
32 81 678
32 81 624
32 81 630
32 81 588
32 81 594
32 81 606
32 81 690
32 81 672
32 81 672
32 81 684
32 81 624
32 81 624
32 81 606
32 81 648
32 81 684
32 81 636
32 81 618
32 81 606
32 81 642
32 81 600
32 81 666
32 81 636
32 81 624
32 81 618
32 81 684
32 81 654
32 81 654
32 81 624
32 81 642
32 81 576
32 81 630
32 81 630
32 81 654
32 81 630
32 81 666
32 81 582
32 81 594
32 81 594
32 81 660
32 81 630
32 81 690
32 81 636
32 81 588
32 81 630
32 81 582
32 81 666
32 81 702
32 81 684
32 81 630
32 81 666
32 81 672
32 81 690
32 81 648
32 81 618
32 81 624
32 81 600
32 81 660
32 81 648
32 81 672
32 81 594
32 81 624
32 81 666
32 81 618
32 81 648
32 81 672
32 81 690
32 81 684
32 81 690
32 81 600
32 81 660
32 81 636
32 81 642
32 81 636
32 81 570
32 81 654
32 81 642
32 81 600
32 81 672
32 81 600
32 81 642
32 81 612
32 81 594
32 81 708
32 81 708
32 81 636
32 81 606
32 81 666
32 81 678
32 81 630
32 81 642
32 81 630
32 81 654
32 81 624
32 81 660
32 81 636
32 81 624
32 81 702
32 81 618
32 81 618
32 81 648
32 81 642
32 81 654
32 81 642
32 81 624
32 81 594
32 81 660
32 81 594
32 81 630
32 81 666
32 81 630
32 81 660
32 81 600
32 81 648
32 81 702
32 81 588
32 81 624
32 81 666
32 81 678
32 81 654
32 81 624
32 81 630
32 81 642
32 81 660
32 81 612
32 81 642
32 81 642
32 81 606
32 81 600
32 81 582
32 81 630
32 81 660
32 81 606
32 81 606
32 81 636
32 81 612
32 81 624
32 81 582
32 81 660
32 81 594
32 81 690
32 81 588
32 81 684
32 81 690
32 81 660
32 81 588
32 81 600
32 81 660
32 81 618
32 81 624
32 81 624
32 81 666
32 81 636
32 81 654
32 81 594
32 81 630
32 81 624
32 81 648
32 81 618
32 81 624
32 81 678
32 81 600
32 81 654
32 81 630
32 81 666
32 81 630
32 81 612
32 81 630
32 81 594
32 81 678
32 81 618
32 81 612
32 81 582
32 81 630
32 81 594
32 81 606
32 81 654
32 81 654
32 81 636
32 81 630
32 81 720
32 81 672
32 81 648
32 81 660
32 81 654
32 81 672
32 81 636
32 81 624
32 81 624
32 81 702
32 81 696
32 81 654
32 81 672
32 81 690
32 81 684
32 81 714
32 81 594
32 81 672
32 81 654
32 81 660
32 81 624
32 81 678
32 81 660
32 81 654
32 81 720
32 81 618
32 81 612
32 81 666
32 81 672
32 81 624
32 81 636
32 81 636
32 81 684
32 81 666
32 81 582
32 81 624
32 81 624
32 81 648
32 81 606
32 81 672
32 81 636
32 81 594
32 81 690
32 81 660
32 81 630
32 81 690
32 81 630
32 81 636
32 81 594
32 81 624
32 81 618
32 81 582
32 81 624
32 81 654
32 81 654
32 81 636
32 81 672
32 81 612
32 81 654
32 81 624
32 81 624
32 81 648
32 81 612
32 81 624
32 81 714
32 81 624
32 81 630
32 81 630
32 81 660
32 81 654
32 81 666
32 81 678
32 81 618
32 81 594
32 81 642
32 81 606
32 81 654
32 81 702
32 81 660
32 81 624
32 81 582
32 81 660
32 81 588
32 81 666
32 81 672
32 81 690
32 81 618
32 81 672
32 81 630
32 81 618
32 81 696
32 81 624
32 81 606
32 81 648
32 81 588
32 81 624
32 81 594
32 81 630
32 81 594
32 81 636
32 81 612
32 81 660
32 81 624
32 81 654
32 81 618
32 81 648
32 81 588
32 81 612
32 81 666
32 81 690
32 81 636
32 81 582
32 81 618
32 81 642
32 81 588
32 81 642
32 81 630
32 81 612
32 81 636
32 81 648
32 81 606
32 81 624
32 81 642
32 81 624
32 81 582
32 81 630
32 81 612
32 81 630
32 81 570
32 81 642
32 81 642
32 81 642
32 81 624
32 81 600
32 81 600
32 81 552
32 81 618
32 81 702
32 81 636
32 81 600
32 81 654
32 81 666
32 81 600
32 81 648
32 81 690
32 81 624
32 81 678
32 81 606
32 81 684
32 81 594
32 81 648
32 81 648
32 81 702
32 81 642
32 81 624
32 81 648
32 81 660
32 81 654
32 81 660
32 81 594
32 81 624
32 81 642
32 81 630
32 81 612
32 81 642
32 81 618
32 81 570
32 81 624
32 81 630
32 81 648
32 81 714
32 81 636
32 81 588
32 81 612
32 81 660
32 81 636
32 81 648
32 81 612
32 81 618
32 81 630
32 81 666
32 81 612
32 81 594
32 81 642
32 81 660
32 81 618
32 81 636
32 81 630
32 81 660
32 81 612
32 81 624
32 81 660
32 81 582
32 81 600
32 81 636
32 81 720
32 81 630
32 81 690
32 81 636
32 81 648
32 81 612
32 81 690
32 81 666
32 81 588
32 81 612
32 81 678
32 81 630
32 81 678
32 81 660
32 81 612
32 81 648
32 81 642
32 81 612
32 81 648
32 81 642
32 81 624
32 81 636
32 81 630
32 81 636
32 81 678
32 81 630
32 81 672
32 81 672
32 81 612
32 81 600
32 81 570
32 81 636
32 81 630
32 81 612
32 81 600
32 81 600
32 81 678
32 81 612
32 81 660
32 81 654
32 81 570
32 81 612
32 81 624
32 81 606
32 81 654
32 81 660
32 81 612
32 81 612
32 81 654
32 81 654
32 81 678
32 81 588
32 81 672
32 81 612
32 81 606
32 81 684
32 81 654
32 81 576
32 81 624
32 81 618
32 81 612
32 81 624
32 81 660
32 81 654
32 81 702
32 81 636
32 81 600
32 81 654
32 81 642
32 81 660
32 81 666
32 81 648
32 81 594
32 81 624
32 81 672
32 81 594
32 81 654
32 81 594
32 81 720
32 81 636
32 81 642
32 81 642
32 81 636
32 81 702
32 81 642
32 81 612
32 81 576
32 81 696
32 81 630
32 81 612
32 81 618
32 81 588
32 81 636
32 81 630
32 81 642
32 81 678
32 81 618
32 81 612
32 81 678
32 81 690
32 81 660
32 81 588
32 81 636
32 81 624
32 81 576
32 81 606
32 81 678
32 81 654
32 81 648
32 81 708
32 81 642
32 81 648
32 81 618
32 81 624
32 81 636
32 81 648
32 81 630
32 81 672
32 81 654
32 81 594
32 81 642
32 81 654
32 81 612
32 81 720
32 81 684
32 81 612
32 81 642
32 81 630
32 81 612
32 81 612
32 81 672
32 81 588
32 81 618
32 81 630
32 81 606
32 81 672
32 81 612
32 81 630
32 81 648
32 81 708
32 81 612
32 81 672
32 81 642
32 81 630
32 81 642
32 81 690
32 81 630
32 81 672
32 81 660
32 81 684
32 81 582
32 81 594
32 81 612
32 81 612
32 81 684
32 81 672
32 81 636
32 81 636
32 81 582
32 81 720
32 81 612
32 81 654
32 81 642
32 81 606
32 81 654
32 81 630
32 81 678
32 81 666
32 81 636
32 81 594
32 81 612
32 81 642
32 81 642
32 81 648
32 81 654
32 81 618
32 81 618
32 81 636
32 81 642
32 81 654
32 81 702
32 81 660
32 81 636
32 81 606
32 81 576
32 81 654
32 81 624
32 81 606
32 81 696
32 81 612
32 81 636
32 81 666
32 81 618
32 81 606
32 81 588
32 81 600
32 81 618
32 81 666
32 81 678
32 81 666
32 81 672
32 81 612
32 81 654
32 81 654
32 81 684
32 81 630
32 81 606
32 81 612
32 81 708
32 81 636
32 81 630
32 81 660
32 81 654
32 81 636
32 81 660
32 81 612
32 81 654
32 81 630
32 81 672
32 81 666
32 81 624
32 81 648
32 81 636
32 81 630
32 81 612
32 81 618
32 81 654
32 81 648
32 81 654
32 81 642
32 81 636
32 81 666
32 81 696
32 81 618
32 81 570
32 81 600
32 81 606
32 81 630
32 81 624
32 81 642
32 81 630
32 81 588
32 81 636
32 81 654
32 81 648
32 81 588
32 81 582
32 81 636
32 81 654
32 81 660
32 81 618
32 81 600
32 81 642
32 81 666
32 81 612
32 81 654
32 81 678
32 81 618
32 81 618
32 81 672
32 81 648
32 81 606
32 81 642
32 81 630
32 81 654
32 81 636
32 81 624
32 81 642
32 81 696
32 81 654
32 81 642
32 81 630
32 81 588
32 81 642
32 81 654
32 81 630
32 81 624
32 81 606
32 81 666
32 81 642
32 81 600
32 81 612
32 81 642
32 81 690
32 81 648
32 81 642
32 81 606
32 81 624
32 81 600
32 81 636
32 81 648
32 81 588
32 81 636
32 81 582
32 81 666
32 81 630
32 81 630
32 81 630
32 81 582
32 81 624
32 81 606
32 81 612
32 81 702
32 81 642
32 81 600
32 81 672
32 81 648
32 81 690
32 81 648
32 81 642
32 81 684
32 81 606
32 81 684
32 81 606
32 81 654
32 81 612
32 81 672
32 81 612
32 81 600
32 81 648
32 81 630
32 81 624
32 81 696
32 81 666
32 81 678
32 81 606
32 81 666
32 81 654
32 81 660
32 81 636
32 81 630
32 81 654
32 81 612
32 81 630
32 81 612
32 81 624
32 81 648
32 81 612
32 81 600
32 81 588
32 81 576
32 81 570
32 81 714
32 81 684
32 81 618
32 81 696
32 81 630
32 81 654
32 81 660
32 81 612
32 81 654
32 81 672
32 81 636
32 81 648
32 81 654
32 81 630
32 81 618
32 81 738
32 81 636
32 81 660
32 81 624
32 81 702
32 81 636
32 81 594
32 81 618
32 81 594
32 81 642
32 81 654
32 81 612
32 81 648
32 81 612
32 81 654
32 81 642
32 81 612
32 81 684
32 81 594
32 81 618
32 81 696
32 81 648
32 81 648
32 81 618
32 81 660
32 81 588
32 81 684
32 81 618
32 81 624
32 81 588
32 81 696
32 81 654
32 81 666
32 81 672
32 81 642
32 81 660
32 81 600
32 81 600
32 81 606
32 81 654
32 81 642
32 81 630
32 81 630
32 81 666
32 81 612
32 81 642
32 81 660
32 81 660
32 81 642
32 81 648
32 81 624
32 81 624
32 81 636
32 81 654
32 81 648
32 81 696
32 81 642
32 81 606
32 81 612
32 81 606
32 81 612
32 81 654
32 81 642
32 81 606
32 81 618
32 81 612
32 81 594
32 81 630
32 81 672
32 81 642
32 81 618
32 81 612
32 81 648
32 81 660
32 81 642
32 81 702
32 81 552
32 81 636
32 81 648
32 81 630
32 81 588
32 81 666
32 81 606
32 81 642
32 81 648
32 81 672
32 81 636
32 81 636
32 81 666
32 81 636
32 81 642
32 81 648
32 81 606
32 81 618
32 81 612
32 81 582
32 81 672
32 81 600
32 81 648
32 81 588
32 81 612
32 81 612
32 81 642
32 81 630
32 81 666
32 81 630
32 81 654
32 81 642
32 81 696
32 81 660
32 81 666
32 81 624
32 81 660
32 81 618
32 81 654
32 81 648
32 81 582
32 81 636
32 81 636
32 81 630
32 81 630
32 81 636
32 81 666
32 81 582
32 81 654
32 81 612
32 81 660
32 81 624
32 81 660
32 81 654
32 81 642
32 81 678
32 81 600
32 81 666
32 81 618
32 81 606
32 81 624
32 81 678
32 81 690
32 81 606
32 81 594
32 81 636
32 81 618
32 81 624
32 81 612
32 81 642
32 81 660
32 81 678
32 81 630
32 81 672
32 81 618
32 81 636
32 81 660
32 81 606
32 81 666
32 81 588
32 81 594
32 81 630
32 81 642
32 81 630
32 81 630
32 81 678
32 81 630
32 81 642
32 81 564
32 81 642
32 81 678
32 81 612
32 81 624
32 81 660
32 81 612
32 81 600
32 81 618
32 81 678
32 81 630
32 81 618
32 81 642
32 81 594
32 81 642
32 81 690
32 81 612
32 81 612
32 81 624
32 81 600
32 81 600
32 81 588
32 81 654
32 81 588
32 81 666
