41 81 816
41 81 810
41 81 876
41 81 828
41 81 840
41 81 774
41 81 834
41 81 888
41 81 780
41 81 738
41 81 768
41 81 888
41 81 804
41 81 786
41 81 810
41 81 786
41 81 894
41 81 846
41 81 858
41 81 864
41 81 804
41 81 858
41 81 876
41 81 858
41 81 918
41 81 888
41 81 840
41 81 852
41 81 960
41 81 810
41 81 762
41 81 864
41 81 822
41 81 894
41 81 906
41 81 882
41 81 828
41 81 858
41 81 888
41 81 828
41 81 834
41 81 858
41 81 870
41 81 840
41 81 858
41 81 822
41 81 756
41 81 804
41 81 798
41 81 882
41 81 882
41 81 804
41 81 882
41 81 834
41 81 864
41 81 894
41 81 858
41 81 846
41 81 906
41 81 786
41 81 942
41 81 858
41 81 930
41 81 792
41 81 846
41 81 780
41 81 810
41 81 744
41 81 792
41 81 888
41 81 810
41 81 816
41 81 912
41 81 774
41 81 840
41 81 864
41 81 840
41 81 876
41 81 768
41 81 840
41 81 822
41 81 834
41 81 750
41 81 780
41 81 834
41 81 780
41 81 846
41 81 864
41 81 780
41 81 828
41 81 840
41 81 984
41 81 792
41 81 834
41 81 810
41 81 870
41 81 804
41 81 912
41 81 840
41 81 792
41 81 918
41 81 822
41 81 876
41 81 918
41 81 798
41 81 816
41 81 810
41 81 822
41 86 960
41 81 792
41 81 804
41 81 768
41 81 858
41 81 810
41 81 762
41 81 786
41 81 834
41 81 774
41 81 876
41 81 828
41 81 918
41 81 786
41 81 762
41 81 786
41 81 858
41 81 846
41 81 846
41 81 816
41 81 798
41 81 816
41 81 846
41 81 780
41 81 906
41 81 900
41 81 912
41 81 774
41 81 846
41 81 834
41 81 954
41 81 828
41 81 780
41 81 912
41 81 852
41 81 804
41 81 846
41 81 858
41 81 900
41 81 852
41 81 846
41 81 804
41 81 744
41 81 804
41 81 756
41 81 798
41 81 858
41 81 786
41 81 810
41 81 834
41 81 822
41 81 816
41 81 882
41 81 876
41 81 828
41 81 726
41 81 942
41 81 804
41 81 852
41 81 882
41 81 840
41 81 966
41 81 744
41 81 876
41 81 900
41 81 822
41 81 798
41 81 816
41 81 768
41 81 864
41 81 822
41 81 816
41 81 852
41 81 870
41 81 840
41 81 828
41 81 846
41 81 876
41 81 804
41 81 858
41 81 792
41 81 816
41 81 888
41 81 792
41 81 864
41 81 786
41 81 816
41 81 846
41 81 732
41 81 828
41 81 828
41 81 834
41 81 810
41 81 774
41 81 780
41 81 720
41 81 816
41 81 864
41 81 924
41 81 912
41 81 906
41 81 774
41 81 816
41 81 804
41 81 858
41 81 834
41 81 840
41 81 834
41 81 744
41 81 762
41 81 840
41 81 846
41 81 876
41 81 840
41 81 948
41 81 834
41 81 876
41 81 786
41 81 834
41 81 750
41 81 858
41 81 750
41 81 792
41 81 852
41 81 834
41 81 804
41 81 870
41 81 882
41 81 816
41 81 846
41 81 822
41 81 828
41 81 834
41 81 876
41 81 786
41 81 780
41 81 888
41 81 882
41 81 798
41 81 810
41 81 804
41 81 810
41 81 810
41 81 822
41 81 846
41 81 888
41 81 894
41 81 828
41 81 822
41 81 852
41 81 762
41 81 882
41 81 816
41 81 834
41 81 822
41 81 756
41 81 846
41 81 876
41 81 774
41 81 786
41 81 828
41 81 804
41 81 816
41 81 798
41 81 822
41 81 876
41 81 894
41 81 816
41 81 798
41 81 780
41 81 834
41 81 768
41 81 840
41 81 792
41 81 822
41 81 840
41 81 882
41 81 804
41 81 858
41 81 858
41 81 786
41 81 834
41 81 792
41 81 846
41 81 846
41 81 768
41 81 804
41 81 870
41 81 876
41 81 750
41 81 774
41 81 810
41 81 810
41 81 870
41 81 798
41 81 810
41 81 870
41 81 786
41 81 888
41 81 816
41 81 786
41 81 888
41 81 792
41 81 876
41 81 846
41 81 822
41 81 774
41 81 792
41 81 846
41 81 834
41 81 894
41 81 900
41 81 786
41 81 792
41 81 912
41 81 888
41 81 780
41 81 882
41 81 852
41 81 810
41 81 840
41 81 810
41 81 846
41 81 804
41 81 828
41 81 840
41 81 834
41 81 738
41 81 816
41 81 852
41 81 840
41 81 852
41 81 708
41 81 852
41 81 810
41 81 816
41 81 834
41 81 798
41 81 804
41 81 870
41 81 792
41 81 792
41 81 816
41 81 774
41 81 864
41 81 834
41 81 774
41 81 792
41 81 816
41 81 912
41 81 714
41 81 846
41 81 780
41 81 852
41 81 822
41 81 792
41 81 828
41 81 852
41 81 858
41 81 822
41 81 864
41 81 918
41 81 816
41 81 774
41 81 756
41 81 804
41 81 822
41 81 762
41 81 804
41 81 822
41 81 924
41 81 816
41 81 834
41 81 840
41 81 906
41 81 852
41 81 816
41 81 948
41 81 732
41 81 786
41 81 828
41 81 888
41 81 822
41 81 804
41 81 810
41 81 876
41 81 882
41 81 858
41 81 894
41 81 804
41 81 876
41 81 912
41 81 762
41 81 876
41 81 852
41 81 864
41 81 756
41 81 846
41 81 804
41 81 936
41 81 768
41 81 798
41 81 864
41 81 978
41 81 804
41 81 822
41 81 786
41 81 768
41 81 876
41 81 834
41 81 822
41 81 858
41 81 762
41 81 834
41 81 852
41 81 804
41 81 852
41 81 816
41 81 852
41 81 792
41 81 828
41 81 876
41 81 768
41 81 822
41 81 780
41 81 858
41 81 792
41 81 804
41 81 816
41 81 828
41 81 864
41 81 840
41 81 888
41 81 834
41 81 798
41 81 792
41 81 822
41 81 876
41 81 792
41 81 828
41 81 834
41 81 918
41 81 852
41 81 792
41 81 846
41 81 846
41 81 816
41 81 768
41 81 786
41 81 900
41 81 798
41 81 828
41 81 834
41 81 732
41 81 834
41 81 810
41 81 792
41 81 840
41 81 840
41 81 822
41 81 900
41 81 774
41 81 834
41 81 864
41 81 816
41 81 828
41 81 912
41 81 876
41 81 786
41 81 792
41 81 816
41 81 942
41 81 906
41 81 846
41 81 834
41 81 810
41 81 840
41 81 858
41 81 858
41 81 810
41 81 822
41 81 840
41 81 810
41 81 816
41 81 792
41 81 786
41 81 774
41 81 804
41 81 864
41 81 858
41 81 906
41 81 768
41 81 816
41 81 822
41 81 792
41 81 828
41 81 822
41 81 876
41 81 858
41 81 900
41 81 840
41 81 828
41 81 870
41 81 894
41 81 828
41 81 912
41 81 780
41 81 834
41 81 924
41 81 780
41 81 840
41 81 852
41 81 822
41 81 858
41 81 786
41 81 810
41 81 834
41 81 840
41 81 786
41 81 822
41 81 786
41 81 834
41 81 816
41 81 852
41 81 822
41 81 852
41 81 810
41 81 888
41 81 810
41 81 834
41 81 846
41 81 906
41 81 882
41 81 810
41 81 870
41 81 744
41 81 792
41 81 786
41 81 810
41 81 804
41 81 816
41 81 768
41 81 894
41 81 852
41 81 750
41 81 870
41 81 750
41 81 840
41 81 750
41 81 840
41 81 852
41 81 906
41 81 864
41 81 768
41 81 774
41 81 858
41 81 792
41 81 864
41 81 870
41 81 810
41 81 804
41 81 864
41 81 876
41 81 912
41 81 756
41 81 822
41 81 858
41 81 792
41 81 834
41 81 846
41 81 780
41 81 810
41 81 792
41 81 756
41 81 870
41 81 798
41 81 894
41 81 894
41 81 750
41 81 768
41 81 834
41 81 840
41 81 768
41 81 828
41 81 870
41 81 798
41 81 780
41 81 810
41 81 828
41 81 864
41 81 822
41 81 870
41 81 870
41 81 846
41 81 804
41 81 696
41 81 840
41 81 774
41 81 882
41 81 822
41 81 846
41 81 846
41 81 876
41 81 846
41 81 870
41 81 828
41 81 774
41 81 828
41 81 822
41 81 894
41 81 870
41 81 816
41 81 786
41 81 822
41 81 786
41 81 810
41 81 828
41 81 846
41 81 774
41 81 870
41 81 744
41 81 858
41 81 894
41 81 774
41 81 912
41 81 840
41 81 894
41 81 822
41 81 810
41 81 846
41 81 816
41 81 828
41 81 798
41 81 930
41 81 798
41 81 828
41 81 834
41 81 864
41 81 792
41 81 756
41 81 942
41 81 786
41 81 774
41 81 876
41 81 834
41 81 840
41 81 834
41 81 828
41 81 864
41 81 804
41 81 888
41 81 828
41 81 882
41 81 858
41 81 810
41 81 798
41 81 816
41 81 816
41 81 870
41 81 846
41 81 822
41 81 912
41 81 864
41 81 780
41 81 762
41 81 870
41 81 918
41 81 858
41 81 798
41 81 858
41 81 822
41 81 882
41 81 834
41 81 852
41 81 852
41 81 846
41 81 882
41 81 726
41 81 822
41 81 750
41 81 798
41 81 816
41 81 864
41 81 804
41 81 864
41 81 822
41 81 792
41 81 864
41 81 846
41 81 840
41 81 780
41 81 876
41 81 858
41 81 828
41 81 900
41 81 780
41 81 780
41 81 702
41 81 810
41 81 762
41 81 810
41 81 798
41 81 828
41 81 822
41 81 834
41 81 786
41 81 852
41 81 876
41 81 768
41 81 768
41 81 864
41 81 810
41 81 834
41 81 846
41 81 870
41 81 798
41 81 858
41 81 750
41 81 786
41 81 762
41 81 858
41 81 786
41 81 750
41 81 864
41 81 834
41 81 876
41 81 828
41 81 816
41 81 822
41 81 882
41 81 804
41 81 768
41 81 846
41 81 816
41 81 834
41 81 780
41 81 792
41 81 846
41 81 900
41 81 840
41 81 810
41 81 840
41 81 834
41 81 912
41 81 846
41 81 786
41 81 816
41 81 768
41 81 870
41 81 900
41 81 840
41 81 780
41 81 870
41 81 732
41 81 876
41 81 864
41 81 858
41 81 876
41 81 828
41 81 798
41 81 798
41 81 714
41 81 870
41 81 822
41 81 870
41 81 822
41 81 834
41 81 858
41 81 876
41 81 858
41 81 858
41 81 810
41 81 828
41 81 780
41 81 828
41 81 798
41 81 732
41 81 816
41 81 810
41 81 870
41 81 942
41 81 822
41 81 828
41 81 828
41 81 858
41 81 858
41 81 840
41 81 834
41 81 810
41 81 912
41 81 786
41 81 912
41 81 828
41 81 846
41 81 738
41 81 840
41 81 816
41 81 768
41 81 780
41 81 828
41 81 870
41 81 852
41 81 780
41 81 810
41 81 870
41 81 834
41 81 828
41 81 804
41 81 828
41 81 948
41 81 810
41 81 870
41 81 810
41 81 864
41 81 870
41 81 846
41 81 804
41 81 822
41 81 816
41 81 798
41 81 804
41 81 858
41 81 846
41 81 816
41 81 846
41 81 888
41 81 852
41 81 798
41 81 780
41 81 864
41 81 900
41 81 834
41 81 840
41 81 774
41 81 822
41 81 792
41 81 834
41 81 888
41 81 846
41 81 804
41 81 840
41 81 894
41 81 846
41 81 822
41 81 900
41 81 750
41 81 798
41 81 864
41 81 894
41 81 924
41 81 816
41 81 822
41 81 810
41 81 786
41 81 900
41 81 876
41 81 858
41 81 786
41 81 882
41 81 768
41 81 876
41 81 888
41 81 858
41 81 876
41 81 768
41 81 858
41 81 858
41 81 852
41 81 852
41 81 756
41 81 810
41 81 834
41 81 822
41 81 840
41 81 810
41 81 810
41 81 876
41 81 786
41 81 900
41 81 756
41 81 798
41 81 720
41 81 780
41 81 798
41 81 786
41 81 822
41 81 822
41 81 846
41 81 822
41 81 816
41 81 870
41 81 786
41 81 846
41 81 822
41 81 900
41 81 786
41 81 822
41 81 798
41 81 840
41 81 786
41 81 804
41 81 804
41 81 804
41 81 864
41 81 810
41 81 810
41 81 780
41 81 780
41 81 870
41 81 876
41 81 876
41 81 840
41 81 870
41 81 858
41 81 846
41 81 846
41 81 744
41 81 768
41 81 888
41 81 852
41 81 828
41 81 828
41 81 780
41 81 858
41 81 906
41 81 888
41 81 912
41 81 858
41 81 798
41 81 816
41 81 750
41 81 858
41 81 762
41 81 900
41 81 792
41 81 888
41 81 780
41 81 870
41 81 810
41 81 792
41 81 858
41 81 882
41 81 804
41 81 858
41 81 810
41 81 906
41 81 762
41 81 750
41 81 942
41 81 894
41 81 834
41 81 840
41 81 780
41 81 822
41 81 804
41 81 942
41 81 870
41 81 738
41 81 846
41 81 846
41 81 768
41 81 804
41 81 846
41 81 828
41 81 918
41 81 816
41 81 900
41 81 804
41 81 870
41 81 774
41 81 798
41 81 816
41 81 792
41 81 894
41 81 786
41 81 720
41 81 900
41 81 840
41 81 822
41 81 798
41 81 810
41 81 780
41 81 870
41 81 840
41 81 834
41 81 708
41 81 816
41 81 858
41 81 888
41 81 858
41 81 828
41 81 786
