29 81 564
29 81 564
29 81 558
29 81 570
29 81 606
29 81 582
29 81 588
29 81 588
29 81 612
29 81 630
29 81 582
29 81 624
29 81 636
29 81 564
29 81 564
29 81 528
29 81 564
29 81 606
29 81 570
29 81 564
29 81 612
29 81 570
29 81 618
29 81 612
29 81 552
29 81 594
29 81 600
29 81 570
29 81 630
29 81 612
29 81 582
29 81 582
29 81 600
29 81 630
29 81 630
29 81 576
29 81 600
29 81 576
29 81 588
29 81 594
29 81 576
29 81 678
29 81 618
29 81 588
29 81 618
29 81 564
29 81 594
29 81 594
29 81 642
29 81 594
29 81 594
29 81 558
29 81 612
29 81 588
29 81 618
29 81 618
29 81 642
29 81 594
29 81 564
29 81 588
29 81 552
29 81 612
29 81 648
29 81 624
29 81 654
29 81 570
29 81 612
29 81 564
29 81 606
29 81 588
29 81 588
29 81 594
29 81 618
29 81 576
29 81 600
29 81 564
29 81 588
29 81 630
29 81 618
29 81 582
29 81 600
29 81 570
29 81 564
29 81 600
29 81 558
29 81 612
29 81 612
29 81 606
29 81 642
29 81 648
29 81 576
29 81 600
29 81 570
29 81 582
29 81 600
29 81 606
29 81 636
29 81 588
29 81 546
29 81 588
29 81 606
29 81 582
29 81 582
29 81 576
29 81 582
29 81 654
29 81 600
29 81 600
29 81 570
29 81 630
29 81 636
29 81 564
29 81 642
29 81 576
29 81 558
29 81 606
29 81 582
29 81 630
29 81 600
29 81 606
29 81 612
29 81 600
29 81 552
29 81 630
29 81 630
29 81 600
29 81 588
29 81 606
29 81 582
29 81 564
29 81 582
29 81 582
29 81 594
29 81 576
29 81 600
29 81 576
29 81 594
29 81 576
29 81 630
29 81 576
29 81 594
29 81 594
29 81 564
29 81 594
29 81 570
29 81 600
29 81 576
29 81 618
29 81 558
29 81 636
29 81 570
29 81 612
29 81 552
29 81 582
29 81 570
29 81 612
29 81 570
29 81 606
29 81 636
29 81 606
29 81 588
29 81 642
29 81 612
29 81 600
29 81 594
29 81 570
29 81 576
29 81 576
29 81 630
29 81 534
29 81 612
29 81 582
29 81 606
29 81 576
29 81 564
29 81 600
29 81 588
29 81 636
29 81 618
29 81 612
29 81 588
29 81 630
29 81 582
29 81 570
29 81 606
29 81 582
29 81 630
29 81 546
29 81 654
29 81 606
29 81 624
29 81 612
29 81 588
29 81 588
29 81 600
29 81 588
29 81 612
29 81 642
29 81 636
29 81 612
29 81 600
29 81 594
29 81 660
29 81 624
29 81 594
29 81 624
29 81 588
29 81 606
29 81 570
29 81 570
29 81 618
29 81 624
29 81 624
29 81 618
29 81 600
29 81 582
29 81 570
29 81 588
29 81 630
29 81 594
29 81 588
29 81 582
29 81 546
29 81 630
29 81 636
29 81 588
29 81 660
29 81 540
29 81 624
29 81 582
29 81 642
29 81 570
29 81 618
29 81 588
29 81 588
29 81 642
29 81 552
29 81 564
29 81 636
29 81 558
29 81 564
29 81 570
29 81 564
29 81 564
29 81 660
29 81 576
29 81 594
29 81 600
29 81 660
29 81 576
29 81 642
29 81 636
29 81 630
29 81 612
29 81 600
29 81 582
29 81 606
29 81 654
29 81 564
29 81 606
29 81 654
29 81 618
29 81 618
29 81 636
29 81 606
29 81 564
29 81 594
29 81 648
29 81 564
29 81 618
29 81 594
29 81 618
29 81 552
29 81 582
29 81 552
29 81 564
29 81 588
29 81 558
29 81 582
29 81 606
29 81 606
29 81 606
29 81 588
29 81 570
29 81 600
29 81 600
29 81 588
29 81 606
29 81 612
29 81 582
29 81 582
29 81 582
29 81 624
29 81 570
29 81 588
29 81 552
29 81 600
29 81 606
29 81 564
29 81 582
29 81 660
29 81 552
29 81 594
29 81 624
29 81 588
29 81 594
29 81 588
29 81 564
29 81 648
29 81 588
29 81 552
29 81 606
29 81 588
29 81 594
29 81 564
29 81 540
29 81 576
29 81 636
29 81 672
29 81 630
29 81 552
29 81 582
29 81 558
29 81 582
29 81 558
29 81 612
29 81 600
29 81 600
29 81 540
29 81 612
29 81 558
29 81 588
29 81 654
29 81 612
29 81 594
29 81 636
29 81 588
29 81 546
29 81 594
29 81 612
29 81 546
29 81 636
29 81 588
29 81 642
29 81 618
29 81 636
29 81 558
29 81 570
29 81 540
29 81 570
29 81 612
29 81 612
29 81 696
29 81 564
29 81 612
29 81 606
29 81 576
29 81 600
29 81 636
29 81 606
29 81 570
29 81 594
29 81 570
29 81 618
29 81 624
29 81 570
29 81 612
29 81 636
29 81 606
29 81 546
29 81 624
29 81 600
29 81 594
29 81 582
29 81 612
29 81 534
29 81 558
29 81 588
29 81 600
29 81 558
29 81 582
29 81 558
29 81 594
29 81 600
29 81 642
29 81 540
29 81 570
29 81 570
29 81 630
29 81 606
29 81 570
29 81 594
29 81 606
29 81 624
29 81 552
29 81 642
29 81 582
29 81 594
29 81 600
29 81 564
29 81 654
29 81 606
29 81 636
29 81 576
29 81 648
29 81 570
29 81 570
29 81 558
29 81 576
29 81 570
29 81 564
29 81 612
29 81 546
29 81 630
29 81 594
29 81 570
29 81 576
29 81 576
29 81 612
29 81 600
29 81 582
29 81 624
29 81 552
29 81 564
29 81 594
29 81 618
29 81 552
29 81 618
29 81 588
29 81 558
29 81 606
29 81 558
29 81 612
29 81 612
29 81 582
29 81 600
29 81 564
29 81 606
29 81 600
29 81 618
29 81 606
29 81 600
29 81 564
29 81 582
29 81 612
29 81 588
29 81 600
29 81 606
29 81 558
29 81 594
29 81 600
29 81 624
29 81 564
29 81 660
29 81 576
29 81 582
29 81 618
29 81 606
29 81 600
29 81 588
29 81 600
29 81 570
29 81 600
29 81 564
29 81 594
29 81 612
29 81 588
29 81 606
29 81 588
29 81 606
29 81 570
29 81 594
29 81 540
29 81 594
29 81 594
29 81 594
29 81 522
29 81 612
29 81 558
29 81 558
29 81 564
29 81 600
29 81 588
29 81 642
29 81 570
29 81 576
29 81 594
29 81 690
29 81 552
29 81 564
29 81 606
29 81 600
29 81 558
29 81 552
29 81 624
29 81 558
29 81 588
29 81 594
29 81 582
29 81 558
29 81 546
29 81 570
29 81 630
29 81 588
29 81 594
29 81 588
29 81 624
29 81 564
29 81 606
29 81 582
29 81 558
29 81 588
29 81 636
29 81 612
29 81 594
29 81 570
29 81 576
29 81 576
29 81 612
29 81 594
29 81 576
29 81 606
29 81 606
29 81 600
29 81 588
29 81 582
29 81 552
29 81 576
29 81 612
29 81 618
29 81 582
29 81 546
29 81 606
29 81 576
29 81 594
29 81 612
29 81 582
29 81 684
29 81 654
29 81 624
29 81 594
29 81 612
29 81 582
29 81 570
29 81 606
29 81 576
29 81 648
29 81 570
29 81 564
29 81 618
29 81 588
29 81 546
29 81 606
29 81 618
29 81 606
29 81 606
29 81 564
29 81 624
29 81 588
29 81 576
29 81 582
29 81 642
29 81 570
29 81 588
29 81 624
29 81 624
29 81 570
29 81 570
29 81 594
29 81 642
29 81 612
29 81 564
29 81 618
29 81 558
29 81 600
29 81 594
29 81 576
29 81 582
29 81 564
29 81 570
29 81 624
29 81 600
29 81 558
29 81 582
29 81 582
29 81 594
29 81 588
29 81 600
29 81 606
29 81 630
29 81 636
29 81 570
29 81 606
29 81 576
29 81 582
29 81 606
29 81 564
29 81 528
29 81 582
29 81 588
29 81 594
29 81 606
29 81 618
29 81 588
29 81 570
29 81 588
29 81 618
29 81 594
29 81 600
29 81 576
29 81 618
29 81 576
29 81 618
29 81 576
29 81 576
29 81 570
29 81 594
29 81 648
29 81 576
29 81 648
29 81 582
29 81 606
29 81 612
29 81 612
29 81 564
29 81 576
29 81 588
29 81 588
29 81 600
29 81 564
29 81 588
29 81 618
29 81 564
29 81 570
29 81 612
29 81 558
29 81 624
29 81 564
29 81 570
29 81 582
29 81 576
29 81 588
29 81 570
29 81 666
29 81 588
29 81 564
29 81 564
29 81 636
29 81 624
29 81 576
29 81 600
29 81 576
29 81 600
29 81 546
29 81 588
29 81 594
29 81 588
29 81 618
29 81 582
29 81 558
29 81 648
29 81 558
29 81 624
29 81 564
29 81 576
29 81 594
29 81 606
29 81 552
29 81 564
29 81 564
29 81 612
29 81 618
29 81 582
29 81 606
29 81 618
29 81 588
29 81 576
29 81 648
29 81 576
29 81 630
29 81 630
29 81 558
29 81 558
29 81 600
29 81 576
29 81 570
29 81 576
29 81 576
29 81 540
29 81 546
29 81 582
29 81 618
29 81 552
29 81 576
29 81 594
29 81 552
29 81 552
29 81 642
29 81 576
29 81 582
29 81 582
29 81 588
29 81 588
29 81 606
29 81 576
29 81 552
29 81 600
29 81 612
29 81 666
29 81 588
29 81 582
29 81 570
29 81 558
29 81 588
29 81 582
29 81 618
29 81 576
29 81 564
29 81 624
29 81 558
29 81 648
29 81 606
29 81 594
29 81 582
29 81 666
29 81 552
29 81 660
29 81 648
29 81 570
29 81 594
29 81 546
29 81 636
29 81 618
29 81 594
29 81 588
29 81 570
29 81 552
29 81 636
29 81 630
29 81 546
29 81 600
29 81 624
29 81 606
29 81 624
29 81 570
29 81 624
29 81 624
29 81 570
29 81 582
29 81 582
29 81 582
29 81 624
29 81 612
29 81 600
29 81 588
29 81 600
29 81 624
29 81 582
29 81 624
29 81 558
29 81 612
29 81 600
29 81 564
29 81 630
29 81 612
29 81 594
29 81 660
29 81 558
29 81 576
29 81 540
29 81 600
29 81 576
29 81 552
29 81 588
29 81 576
29 81 576
29 81 570
29 81 624
29 81 618
29 81 588
29 81 576
29 81 588
29 81 588
29 81 576
29 81 618
29 81 630
29 81 648
29 81 618
29 81 606
29 81 678
29 81 606
29 81 558
29 81 672
29 81 576
29 81 570
29 81 624
29 81 576
29 81 570
29 81 576
29 81 660
29 81 588
29 81 588
29 81 588
29 81 666
29 81 600
29 81 618
29 81 630
29 81 582
29 81 630
29 81 618
29 81 594
29 81 594
29 81 564
29 81 588
29 81 630
29 81 600
29 81 606
29 81 612
29 81 576
29 81 552
29 81 528
29 81 624
29 81 576
29 81 636
29 81 606
29 81 648
29 81 612
29 81 564
29 81 630
29 81 564
29 81 594
29 81 594
29 81 588
29 81 582
29 81 582
29 81 642
29 81 612
29 81 618
29 81 588
29 81 564
29 81 612
29 81 564
29 81 624
29 81 600
29 81 522
29 81 642
29 81 570
29 81 558
29 81 588
29 81 552
29 81 624
29 81 642
29 81 576
29 81 606
29 81 564
29 81 570
29 81 612
29 81 588
29 81 534
29 81 570
29 81 576
29 81 606
29 81 636
29 81 534
29 81 600
29 81 594
29 81 546
29 81 618
29 81 642
29 81 606
29 81 612
29 81 588
29 81 558
29 81 600
29 81 576
29 81 564
29 81 612
29 81 612
29 81 666
29 81 612
29 81 636
29 81 564
29 81 612
29 81 594
29 81 600
29 81 594
29 81 612
29 81 636
29 81 576
29 81 576
29 81 570
29 81 618
29 81 576
29 81 654
29 81 594
29 81 558
29 81 594
29 81 624
29 81 708
29 81 588
29 81 600
29 81 582
29 81 678
29 81 540
29 81 576
29 81 642
29 81 600
29 81 594
29 81 594
29 81 546
29 81 588
29 81 558
29 81 618
29 81 594
29 81 576
29 81 606
29 81 594
29 81 624
29 81 600
29 81 582
29 81 570
29 81 600
29 81 636
29 81 630
29 81 600
29 81 600
29 81 594
29 81 564
29 81 636
29 81 552
29 81 630
29 81 588
29 81 570
29 81 564
29 81 606
29 81 654
29 81 576
29 81 588
29 81 618
29 81 564
29 81 612
29 81 582
29 81 588
29 81 594
29 81 588
29 81 552
29 81 600
29 81 594
29 81 618
29 81 588
29 81 600
29 81 606
29 81 630
29 81 618
29 81 546
29 81 588
29 81 582
29 81 582
29 81 630
29 81 618
29 81 660
29 81 588
29 81 612
29 81 642
29 81 630
29 81 642
29 81 654
29 81 606
29 81 594
29 81 582
29 81 582
29 81 558
29 81 600
29 81 582
29 81 564
29 81 582
29 81 576
29 81 612
29 81 600
29 81 594
29 81 606
29 81 588
29 81 576
29 81 576
29 81 648
29 81 612
29 81 648
29 81 582
29 81 588
29 81 552
29 81 564
29 81 648
29 81 624
29 81 612
29 81 588
29 81 588
29 81 594
29 81 570
29 81 636
29 81 618
