51 81 1218
51 93 1560
51 81 1194
51 81 1278
51 81 1164
51 81 1248
51 81 1122
51 81 1188
51 85 1242
51 81 1218
51 81 1212
51 81 1260
51 138 2496
51 81 1236
51 81 1200
51 81 1140
51 81 1170
51 81 1122
51 81 1182
51 81 1176
51 88 1368
51 81 1206
51 81 1110
51 117 1860
51 81 1230
51 81 1200
51 81 1200
51 81 1140
51 81 1194
51 81 1176
51 81 1098
51 81 1200
51 81 1158
51 81 1206
51 81 1206
51 81 1206
51 81 1188
51 81 1194
51 81 1254
51 81 1140
51 81 1110
51 81 1056
51 85 1416
51 81 1212
51 81 1092
51 85 1332
51 81 1320
51 81 1194
51 81 1188
51 97 1572
51 81 1110
51 81 1272
51 86 1224
51 81 1230
51 81 1242
51 81 1140
51 81 1158
51 102 1692
51 81 1104
51 110 1692
51 81 1158
51 81 1158
51 81 1116
51 91 1332
51 81 1230
51 81 1248
51 127 2358
51 81 1146
51 88 1212
51 81 1170
51 81 1182
51 81 1182
51 81 1176
51 81 1224
51 81 1152
51 81 1212
51 81 1176
51 81 1182
51 81 1152
51 81 1200
51 81 1116
51 81 1116
51 81 1200
51 98 1542
51 92 1596
51 81 1314
51 132 2478
51 81 1170
51 81 1188
51 81 1188
51 81 1212
51 81 1284
51 81 1212
51 81 1206
51 89 1344
51 81 1182
51 81 1248
51 81 1188
51 81 1158
51 81 1164
51 81 1134
51 81 1152
51 107 1650
51 81 1188
51 81 1182
51 169 3282
51 81 1224
51 81 1122
51 81 1098
51 81 1200
51 81 1236
51 81 1194
51 81 1170
51 119 2142
51 81 1242
51 81 1206
51 81 1170
51 81 1242
51 81 1224
51 81 1110
51 81 1146
51 81 1122
51 81 1176
51 81 1200
51 177 3642
51 81 1176
51 81 1212
51 81 1224
51 81 1236
51 81 1188
51 81 1128
51 94 1446
51 119 2082
51 81 1236
51 81 1266
51 113 1926
51 81 1206
51 98 1476
51 81 1212
51 81 1236
51 81 1176
51 97 1440
51 81 1200
51 110 1836
51 81 1284
51 81 1182
51 81 1170
51 81 1182
51 81 1266
51 81 1212
51 81 1242
51 81 1242
51 93 1374
51 81 1224
51 81 1278
51 86 1272
51 81 1152
51 81 1146
51 81 1182
51 81 1236
51 81 1212
51 81 1152
51 81 1200
51 81 1146
51 81 1182
51 81 1188
51 133 2376
51 94 1428
51 91 1284
51 81 1206
51 196 4074
51 81 1176
51 81 1176
51 81 1212
51 81 1188
51 81 1188
51 105 1602
51 81 1170
51 107 1884
51 81 1182
51 87 1320
51 81 1134
51 81 1188
51 81 1230
51 81 1158
51 81 1146
51 81 1146
51 81 1164
51 81 1134
51 81 1146
51 81 1152
51 81 1170
51 81 1200
51 81 1170
51 81 1242
51 81 1164
51 81 1134
51 81 1158
51 81 1164
51 81 1182
51 86 1302
51 81 1242
51 142 2610
51 81 1200
51 81 1212
51 81 1230
51 102 1650
51 81 1152
51 81 1194
51 81 1152
51 101 1452
51 81 1170
51 127 2328
51 81 1158
51 81 1140
51 81 1152
51 81 1182
51 81 1206
51 81 1194
51 81 1224
51 81 1110
51 81 1170
51 83 1272
51 81 1158
51 81 1146
51 81 1206
51 81 1194
51 81 1164
51 85 1326
51 81 1188
51 81 1158
51 81 1218
51 81 1152
51 81 1092
51 81 1194
51 81 1182
51 81 1194
51 81 1158
51 81 1140
51 81 1188
51 81 1194
51 81 1152
51 81 1146
51 114 1998
51 81 1152
51 81 1242
51 81 1236
51 81 1182
51 81 1146
51 81 1158
51 132 2358
51 81 1194
51 81 1140
51 81 1152
51 81 1188
51 81 1158
51 81 1194
51 81 1170
51 81 1182
51 92 1404
51 81 1230
51 81 1224
51 81 1110
51 213 3990
51 81 1140
51 81 1212
51 81 1146
51 81 1254
51 81 1200
51 93 1416
51 81 1188
51 81 1146
51 81 1134
51 81 1248
51 100 1500
51 81 1128
51 81 1194
51 81 1248
51 111 1836
51 81 1176
51 81 1164
51 81 1182
51 97 1656
51 81 1302
51 81 1194
51 81 1170
51 81 1152
51 81 1224
51 81 1098
51 81 1200
51 81 1188
51 81 1242
51 81 1230
51 81 1194
51 81 1224
51 81 1164
51 81 1122
51 81 1146
51 81 1194
51 81 1218
51 81 1152
51 92 1398
51 167 2832
51 81 1242
51 119 2004
51 81 1230
51 88 1452
51 81 1182
51 81 1128
51 81 1170
51 81 1098
51 81 1164
51 81 1176
51 94 1482
51 81 1212
51 81 1182
51 81 1158
51 81 1176
51 81 1206
51 81 1170
51 81 1158
51 81 1212
51 81 1254
51 81 1218
51 81 1158
51 81 1230
51 115 1902
51 81 1176
51 93 1530
51 81 1092
51 81 1224
51 81 1230
51 81 1218
51 81 1182
51 81 1188
51 81 1050
51 81 1194
51 81 1188
51 81 1230
51 81 1218
51 89 1428
51 81 1242
51 81 1230
51 81 1140
51 81 1200
51 81 1170
51 81 1170
51 81 1170
51 81 1158
51 81 1170
51 81 1164
51 81 1158
51 81 1218
51 93 1506
51 81 1230
51 81 1104
51 81 1176
51 115 1896
51 81 1206
51 81 1272
51 127 2298
51 81 1128
51 81 1254
51 81 1158
51 81 1170
51 81 1152
51 81 1200
51 81 1242
51 81 1212
51 81 1308
51 81 1182
51 81 1182
51 81 1218
51 81 1176
51 81 1182
51 81 1146
51 81 1092
51 81 1248
51 81 1218
51 81 1200
51 106 1680
51 109 1782
51 100 1722
51 81 1320
51 159 2706
51 87 1332
51 81 1248
51 81 1188
51 81 1140
51 81 1164
51 81 1254
51 81 1188
51 124 1998
51 81 1170
51 148 2838
51 81 1164
51 81 1158
51 81 1206
51 81 1158
51 81 1236
51 81 1194
51 81 1182
51 81 1122
51 81 1278
51 81 1218
51 81 1236
51 81 1224
51 81 1194
51 81 1116
51 81 1254
51 92 1482
51 81 1134
51 81 1170
51 87 1296
51 81 1134
51 81 1188
51 81 1182
51 81 1242
51 81 1320
51 81 1278
51 134 2556
51 81 1176
51 81 1254
51 81 1140
51 81 1218
51 81 1218
51 81 1194
51 81 1206
51 81 1158
51 81 1128
51 81 1110
51 81 1164
51 81 1116
51 81 1200
51 81 1224
51 81 1218
51 81 1176
51 81 1182
51 81 1194
51 127 2202
51 81 1164
51 81 1188
51 81 1176
51 81 1170
51 81 1182
51 81 1206
51 81 1194
51 135 2544
51 81 1194
51 81 1248
51 89 1374
51 81 1242
51 81 1152
51 81 1218
51 81 1194
51 81 1092
51 81 1212
51 81 1218
51 81 1164
51 81 1170
51 84 1314
51 81 1152
51 81 1134
51 81 1152
51 81 1164
51 81 1254
51 86 1470
51 81 1212
51 81 1200
51 81 1224
51 81 1140
51 81 1170
51 81 1206
51 81 1200
51 81 1194
51 81 1182
51 81 1158
51 81 1284
51 81 1236
51 81 1188
51 95 1602
51 81 1224
51 81 1212
51 81 1188
51 81 1230
51 81 1182
51 87 1464
51 81 1206
51 81 1200
51 81 1236
51 81 1098
51 115 2016
51 81 1284
51 81 1224
51 81 1188
51 81 1194
51 81 1146
51 81 1194
51 81 1176
51 118 1926
51 81 1128
51 81 1212
51 81 1158
51 81 1164
51 81 1140
51 81 1206
51 81 1230
51 81 1158
51 81 1206
51 81 1152
51 81 1122
51 81 1188
51 85 1326
51 81 1164
51 81 1164
51 81 1128
51 81 1236
51 81 1134
51 81 1212
51 81 1188
51 81 1176
51 81 1116
51 81 1230
51 81 1176
51 93 1506
51 81 1212
51 86 1404
51 81 1134
51 81 1122
51 81 1242
51 117 2232
51 81 1116
51 81 1080
51 81 1230
51 93 1494
51 81 1194
51 81 1230
51 90 1524
51 81 1164
51 81 1230
51 86 1302
51 81 1152
51 81 1188
51 114 2064
51 81 1152
51 87 1356
51 81 1134
51 81 1194
51 81 1242
51 81 1104
51 81 1272
51 81 1170
51 81 1200
51 91 1422
51 81 1152
51 81 1236
51 81 1260
51 81 1164
51 81 1128
51 81 1140
51 145 2784
51 81 1152
51 94 1494
51 81 1206
51 87 1350
51 81 1200
51 107 1728
51 81 1218
51 81 1158
51 81 1152
51 87 1314
51 81 1194
51 105 1656
51 81 1188
51 81 1242
51 81 1188
51 81 1194
51 81 1248
51 81 1218
51 88 1536
51 81 1236
51 81 1200
51 81 1242
51 81 1182
51 81 1182
51 81 1212
51 81 1170
51 81 1152
51 81 1242
51 81 1098
51 81 1206
51 81 1188
51 81 1170
51 81 1182
51 81 1152
51 81 1182
51 81 1296
51 81 1098
51 81 1218
51 81 1242
51 81 1146
51 81 1266
51 90 1488
51 81 1242
51 81 1266
51 99 1596
51 81 1146
51 81 1188
51 81 1170
51 81 1182
51 81 1140
51 81 1134
51 81 1170
51 81 1146
51 81 1188
51 81 1272
51 81 1128
51 81 1140
51 81 1236
51 81 1224
51 81 1242
51 87 1434
51 93 1506
51 81 1164
51 81 1092
51 100 1524
51 81 1218
51 91 1416
51 81 1296
51 81 1224
51 90 1362
51 98 1602
51 81 1236
51 81 1164
51 81 1116
51 81 1146
51 81 1296
51 81 1266
51 81 1170
51 81 1194
51 81 1230
51 81 1224
51 96 1668
51 81 1170
51 81 1230
51 81 1206
51 100 1536
51 89 1398
51 94 1518
51 81 1212
51 81 1260
51 81 1158
51 106 1746
51 81 1206
51 81 1236
51 81 1164
51 81 1188
51 81 1194
51 81 1212
51 81 1104
51 81 1218
51 81 1206
51 81 1278
51 81 1218
51 81 1170
51 81 1152
51 81 1134
51 92 1386
51 81 1158
51 81 1188
51 81 1140
51 81 1140
51 105 1794
51 81 1206
51 81 1146
51 81 1206
51 81 1164
51 81 1236
51 81 1266
51 81 1194
51 81 1218
51 81 1236
51 81 1188
51 94 1434
51 81 1194
51 85 1344
51 81 1194
51 81 1236
51 81 1152
51 81 1236
51 81 1164
51 81 1152
51 123 2004
51 81 1212
51 81 1146
51 81 1110
51 81 1140
51 81 1308
51 87 1338
51 81 1140
51 81 1164
51 81 1248
51 81 1134
51 96 1554
51 84 1290
51 81 1206
51 81 1194
51 81 1182
51 81 1188
51 81 1146
51 140 2412
51 81 1134
51 81 1164
51 81 1182
51 81 1218
51 143 2748
51 81 1278
51 93 1386
51 81 1242
51 81 1134
51 81 1134
51 81 1242
51 81 1080
51 81 1266
51 90 1428
51 81 1200
51 81 1188
51 81 1206
51 81 1158
51 81 1158
51 81 1098
51 92 1350
51 81 1212
51 81 1188
51 81 1152
51 81 1182
51 81 1230
51 81 1176
51 81 1098
51 81 1278
51 81 1182
51 81 1152
51 81 1098
51 81 1242
51 81 1218
51 113 1950
51 81 1212
51 81 1182
51 81 1116
51 81 1254
51 81 1272
51 81 1104
51 81 1206
51 81 1194
51 88 1356
51 81 1194
51 81 1218
51 81 1158
51 81 1254
51 81 1152
51 81 1170
51 81 1122
51 81 1212
51 81 1128
51 81 1242
51 81 1194
51 81 1236
51 81 1140
51 81 1188
51 81 1182
51 81 1296
51 81 1194
51 81 1194
51 81 1146
51 81 1290
51 81 1242
51 81 1182
51 81 1122
51 81 1194
51 81 1242
51 98 1578
51 81 1272
51 81 1182
51 81 1266
51 81 1194
51 89 1464
51 81 1212
51 81 1200
51 81 1170
51 81 1290
51 81 1320
51 81 1212
51 81 1188
51 81 1284
51 81 1194
51 81 1194
51 81 1134
51 81 1194
51 107 1848
51 81 1260
51 81 1122
51 81 1242
51 81 1254
51 81 1248
51 81 1182
51 81 1170
51 81 1098
51 81 1200
51 81 1248
51 81 1164
51 81 1176
51 81 1224
51 112 1872
51 81 1206
51 81 1170
51 81 1194
51 104 1650
51 90 1464
51 81 1248
51 81 1140
51 81 1128
51 81 1290
51 90 1422
51 81 1194
51 81 1230
51 81 1296
51 81 1248
51 81 1110
51 89 1386
51 81 1146
51 88 1260
51 81 1164
51 81 1206
51 114 1764
51 92 1326
51 81 1152
51 81 1134
51 87 1284
51 105 1716
51 86 1272
51 108 1896
51 81 1158
51 81 1182
51 81 1134
51 106 1716
51 114 1872
51 81 1248
51 81 1140
51 81 1248
51 114 1872
51 81 1230
51 81 1212
51 94 1590
51 81 1242
51 81 1212
51 81 1182
51 91 1452
51 81 1230
51 81 1110
51 124 2250
51 119 2322
51 81 1140
51 81 1248
51 81 1266
51 81 1296
51 90 1338
51 107 1704
51 81 1212
51 81 1200
51 81 1158
51 81 1206
51 81 1254
51 81 1260
51 81 1152
51 81 1146
51 81 1230
51 91 1404
51 81 1194
51 81 1164
51 81 1224
51 81 1206
51 88 1356
51 81 1134
51 81 1152
51 81 1182
51 81 1158
51 88 1344
51 81 1206
51 81 1218
51 81 1236
51 81 1134
51 81 1236
51 81 1188
51 101 1758
51 81 1224
51 81 1182
51 81 1272
51 81 1158
51 81 1194
51 81 1188
51 102 1626
51 81 1212
51 81 1188
51 81 1182
51 81 1218
51 81 1152
51 81 1164
51 81 1140
51 81 1134
51 81 1134
51 81 1164
51 81 1200
51 81 1224
51 81 1206
51 81 1206
51 109 1770
51 81 1218
51 81 1254
51 81 1110
51 81 1224
51 99 1536
51 81 1212
51 81 1164
51 81 1104
51 81 1134
51 172 3564
51 81 1224
51 81 1296
51 81 1140
51 82 1254
51 81 1236
51 95 1542
51 81 1158
51 81 1152
51 81 1122
51 81 1170
51 81 1152
51 81 1224
51 81 1188
51 81 1212
51 81 1230
51 81 1170
51 81 1152
51 81 1200
51 81 1062
51 81 1200
51 81 1200
51 81 1146
51 95 1554
51 81 1182
51 102 1830
51 81 1218
51 81 1176
51 88 1434
51 81 1200
51 81 1164
51 81 1230
51 81 1212
51 81 1188
51 81 1194
51 81 1212
51 81 1134
51 81 1278
51 104 1686
51 88 1524
51 81 1182
51 81 1212
51 81 1242
51 81 1176
51 81 1212
51 81 1206
51 81 1284
51 81 1194
51 81 1176
51 81 1254
51 81 1134
51 81 1188
51 81 1194
51 81 1212
51 81 1194
51 81 1218
51 81 1206
51 81 1146
51 81 1170
51 81 1248
51 81 1170
51 81 1212
51 81 1206
51 81 1224
51 81 1158
51 81 1218
51 81 1212
51 81 1188
51 81 1116
51 81 1254
51 81 1110
51 81 1230
51 81 1248
51 81 1212
51 81 1182
