53 81 1314
53 81 1266
53 81 1344
53 81 1266
53 81 1224
53 81 1290
53 95 1638
53 112 1920
53 108 2100
53 81 1242
53 81 1380
53 81 1242
53 81 1218
53 81 1278
53 81 1260
53 81 1296
53 106 1788
53 81 1260
53 81 1326
53 119 2262
53 81 1272
53 81 1296
53 81 1302
53 81 1326
53 81 1266
53 81 1308
53 81 1260
53 81 1320
53 91 1524
53 113 1890
53 81 1194
53 81 1326
53 100 1680
53 81 1308
53 81 1278
53 81 1260
53 81 1344
53 81 1290
53 81 1248
53 81 1284
53 81 1332
53 81 1140
53 81 1266
53 81 1320
53 81 1212
53 81 1278
53 109 2022
53 175 3474
53 81 1272
53 81 1344
53 81 1296
53 81 1224
53 103 1800
53 81 1332
53 88 1392
53 81 1224
53 81 1272
53 81 1302
53 81 1350
53 100 1674
53 81 1266
53 81 1338
53 81 1248
53 81 1302
53 81 1290
53 81 1212
53 81 1308
53 81 1302
53 81 1314
53 81 1272
53 81 1230
53 81 1302
53 81 1338
53 104 1938
53 81 1314
53 81 1284
53 129 2358
53 81 1308
53 113 1884
53 81 1260
53 81 1242
53 81 1254
53 81 1332
53 81 1248
53 81 1398
53 81 1350
53 81 1320
53 81 1320
53 81 1302
53 88 1422
53 91 1542
53 81 1284
53 81 1278
53 81 1332
53 81 1338
53 119 1956
53 81 1254
53 81 1284
53 86 1464
53 112 1884
53 97 1818
53 106 1794
53 81 1326
53 81 1260
53 81 1302
53 81 1278
53 81 1290
53 81 1242
53 203 3648
53 81 1362
53 121 2610
53 101 1746
53 81 1242
53 81 1272
53 81 1254
53 81 1404
53 84 1374
53 81 1308
53 143 2574
53 81 1332
53 81 1266
53 81 1326
53 83 1344
53 81 1290
53 81 1254
53 81 1278
53 81 1272
53 91 1446
53 81 1242
53 81 1290
53 81 1314
53 81 1296
53 81 1218
53 146 2628
53 81 1224
53 81 1254
53 81 1230
53 81 1320
53 81 1332
53 116 1986
53 92 1656
53 90 1548
53 81 1290
53 81 1290
53 81 1320
53 81 1308
53 81 1230
53 81 1254
53 81 1224
53 81 1290
53 81 1296
53 81 1308
53 81 1212
53 88 1608
53 104 1794
53 96 1530
53 81 1284
53 81 1266
53 99 1512
53 81 1236
53 81 1326
53 81 1182
53 81 1272
53 81 1332
53 81 1308
53 81 1224
53 81 1278
53 81 1248
53 87 1422
53 81 1326
53 81 1290
53 90 1560
53 163 2646
53 92 1554
53 81 1284
53 92 1458
53 81 1332
53 81 1338
53 89 1326
53 81 1320
53 144 2304
53 81 1242
53 81 1248
53 81 1296
53 94 1572
53 81 1302
53 238 5178
53 81 1278
53 81 1284
53 81 1350
53 81 1308
53 81 1254
53 81 1230
53 81 1308
53 105 1854
53 81 1284
53 81 1296
53 120 2154
53 85 1374
53 89 1434
53 81 1236
53 81 1314
53 81 1350
53 81 1272
53 81 1248
53 81 1254
53 89 1530
53 81 1320
53 81 1344
53 81 1302
53 110 1848
53 81 1314
53 81 1302
53 81 1284
53 125 2238
53 81 1242
53 125 2286
53 81 1200
53 94 1614
53 143 2610
53 81 1284
53 155 3096
53 81 1284
53 81 1248
53 81 1206
53 81 1308
53 81 1320
53 123 2136
53 81 1266
53 81 1320
53 81 1260
53 81 1248
53 84 1404
53 81 1284
53 81 1266
53 81 1266
53 81 1284
53 81 1278
53 81 1284
53 81 1260
53 143 2634
53 81 1278
53 190 3924
53 81 1266
53 91 1506
53 81 1266
53 81 1320
53 81 1332
53 81 1320
53 81 1296
53 81 1290
53 114 2010
53 81 1284
53 81 1326
53 148 3024
53 81 1302
53 121 2172
53 81 1302
53 99 1824
53 81 1182
53 81 1182
53 81 1236
53 81 1296
53 81 1320
53 81 1134
53 121 2466
53 81 1314
53 164 3054
53 81 1326
53 81 1290
53 81 1236
53 115 2208
53 81 1338
53 91 1512
53 81 1302
53 81 1230
53 90 1536
53 81 1260
53 81 1266
53 81 1230
53 81 1266
53 81 1248
53 81 1386
53 167 3354
53 101 1860
53 81 1284
53 188 3864
53 81 1362
53 81 1266
53 81 1254
53 81 1332
53 95 1650
53 92 1458
53 81 1284
53 81 1242
53 81 1350
53 81 1272
53 81 1302
53 81 1278
53 94 1632
53 81 1272
53 81 1338
53 81 1290
53 81 1278
53 81 1248
53 81 1266
53 81 1242
53 147 2790
53 95 1572
53 81 1248
53 97 1578
53 81 1278
53 81 1254
53 81 1284
53 81 1290
53 97 1602
53 81 1296
53 81 1272
53 96 1656
53 81 1314
53 81 1296
53 81 1254
53 81 1230
53 81 1230
53 81 1254
53 81 1236
53 81 1284
53 81 1356
53 125 2340
53 81 1266
53 81 1320
53 81 1266
53 81 1284
53 81 1248
53 81 1332
53 129 2472
53 90 1428
53 106 1812
53 149 2970
53 81 1236
53 111 1764
53 81 1254
53 81 1224
53 81 1284
53 81 1398
53 81 1296
53 81 1350
53 81 1218
53 81 1332
53 81 1212
53 81 1320
53 100 1650
53 81 1212
53 81 1266
53 81 1248
53 89 1572
53 81 1260
53 81 1260
53 81 1290
53 81 1332
53 104 1638
53 104 1860
53 81 1314
53 111 1908
53 81 1266
53 81 1266
53 81 1386
53 81 1362
53 81 1224
53 81 1242
53 81 1242
53 81 1320
53 81 1230
53 81 1290
53 81 1218
53 81 1320
53 81 1254
53 81 1230
53 81 1212
53 90 1524
53 81 1386
53 181 3852
53 112 1968
53 81 1260
53 81 1278
53 81 1182
53 132 2436
53 81 1230
53 81 1236
53 81 1332
53 81 1332
53 81 1290
53 81 1200
53 81 1242
53 81 1224
53 81 1296
53 81 1362
53 81 1290
53 81 1314
53 81 1266
53 81 1236
53 81 1356
53 112 2088
53 118 2214
53 81 1266
53 81 1260
53 81 1326
53 85 1452
53 81 1386
53 81 1290
53 81 1320
53 81 1236
53 118 2100
53 93 1602
53 89 1464
53 81 1230
53 81 1302
53 81 1242
53 81 1302
53 81 1320
53 81 1230
53 81 1416
53 90 1410
53 94 1584
53 81 1320
53 81 1344
53 81 1248
53 87 1440
53 88 1386
53 81 1224
53 81 1266
53 109 2136
53 86 1422
53 108 1794
53 81 1332
53 81 1242
53 81 1374
53 110 1890
53 81 1188
53 81 1326
53 81 1338
53 97 1716
53 81 1230
53 81 1284
53 88 1428
53 104 1752
53 81 1326
53 81 1338
53 123 2250
53 118 2028
53 140 2880
53 170 3108
53 81 1242
53 180 3522
53 134 2466
53 81 1278
53 101 1710
53 81 1242
53 81 1230
53 81 1260
53 87 1446
53 81 1296
53 81 1338
53 81 1290
53 81 1278
53 96 1650
53 81 1272
53 81 1236
53 81 1308
53 91 1548
53 126 2148
53 169 3072
53 81 1224
53 81 1308
53 81 1248
53 89 1602
53 81 1254
53 171 3324
53 81 1278
53 81 1284
53 127 2172
53 94 1602
53 81 1332
53 125 2472
53 93 1692
53 81 1242
53 104 1686
53 81 1242
53 173 3102
53 81 1224
53 130 2394
53 109 2226
53 81 1254
53 93 1542
53 81 1230
53 81 1266
53 81 1242
53 81 1146
53 81 1260
53 81 1320
53 81 1260
53 81 1272
53 81 1290
53 81 1272
53 81 1248
53 81 1242
53 110 2022
53 111 1926
53 81 1266
53 89 1434
53 81 1260
53 81 1284
53 81 1194
53 81 1194
53 81 1212
53 81 1278
53 81 1284
53 81 1320
53 81 1260
53 81 1368
53 81 1314
53 84 1518
53 81 1188
53 81 1110
53 81 1260
53 81 1218
53 81 1308
53 99 1638
53 90 1452
53 81 1290
53 81 1302
53 83 1476
53 85 1332
53 81 1308
53 97 1542
53 97 1656
53 81 1212
53 81 1284
53 110 2022
53 81 1350
53 81 1374
53 81 1242
53 81 1224
53 81 1296
53 81 1302
53 93 1590
53 85 1284
53 81 1242
53 81 1308
53 81 1314
53 81 1308
53 81 1236
53 81 1284
53 106 1764
53 81 1302
53 82 1344
53 143 2832
53 81 1278
53 81 1290
53 81 1314
53 120 2160
53 81 1272
53 81 1242
53 81 1236
53 81 1284
53 81 1338
53 81 1296
53 81 1296
53 81 1218
53 81 1212
53 86 1410
53 138 2502
53 89 1530
53 81 1302
53 81 1278
53 99 1614
53 81 1314
53 90 1524
53 81 1248
53 81 1212
53 81 1290
53 200 4380
53 81 1278
53 81 1272
53 93 1644
53 82 1398
53 94 1506
53 93 1578
53 101 1950
53 99 1770
53 81 1278
53 97 1764
53 81 1236
53 81 1332
53 81 1230
53 81 1200
53 81 1230
53 91 1542
53 81 1284
53 81 1218
53 81 1278
53 104 1896
53 81 1332
53 97 1722
53 81 1272
53 119 2136
53 81 1272
53 103 1794
53 81 1332
53 81 1338
53 137 2730
53 81 1242
53 131 2460
53 81 1266
53 81 1290
53 81 1254
53 81 1320
53 81 1224
53 81 1278
53 81 1320
53 89 1506
53 81 1278
53 128 2364
53 81 1260
53 116 1986
53 81 1260
53 138 2490
53 81 1266
53 81 1272
53 116 2244
53 81 1332
53 81 1344
53 81 1272
53 81 1236
53 81 1284
53 81 1308
53 81 1242
53 81 1338
53 81 1260
53 107 1950
53 81 1254
53 124 2070
53 81 1296
53 81 1290
53 81 1194
53 81 1320
53 81 1212
53 81 1194
53 90 1566
53 81 1260
53 81 1260
53 107 1866
53 81 1272
53 81 1248
53 84 1332
53 81 1218
53 117 1962
53 171 3438
53 81 1218
53 104 1800
53 81 1278
53 81 1236
53 81 1272
53 81 1272
53 114 1860
53 116 2034
53 81 1242
53 81 1272
53 81 1266
53 81 1200
53 81 1218
53 81 1326
53 81 1338
53 81 1272
53 95 1500
53 177 3306
53 81 1332
53 81 1326
53 81 1290
53 81 1218
53 97 1836
53 117 2070
53 81 1260
53 81 1350
53 81 1284
53 81 1266
53 81 1266
53 81 1254
53 81 1284
53 81 1326
53 81 1302
53 81 1380
53 81 1326
53 119 2046
53 81 1212
53 88 1452
53 81 1266
53 81 1194
53 81 1302
53 167 3132
53 84 1374
53 91 1620
53 81 1266
53 81 1308
53 105 1746
53 81 1260
53 81 1266
53 112 1992
53 81 1284
53 81 1326
53 96 1512
53 81 1290
53 81 1374
53 81 1272
53 81 1212
53 81 1296
53 81 1338
53 88 1446
53 81 1242
53 81 1290
53 81 1200
53 81 1242
53 82 1326
53 81 1302
53 81 1332
53 81 1308
53 81 1212
53 81 1212
53 81 1254
53 110 1896
53 117 2016
53 81 1332
53 81 1248
53 81 1254
53 140 2694
53 81 1314
53 81 1260
53 116 2112
53 104 2112
53 120 2010
53 172 3336
53 81 1350
53 81 1272
53 81 1248
53 81 1308
53 81 1260
53 81 1242
53 81 1230
53 116 2064
53 88 1542
53 103 1788
53 81 1284
53 81 1278
53 81 1326
53 123 2196
53 81 1194
53 81 1284
53 81 1326
53 81 1212
53 81 1236
53 81 1278
53 81 1194
53 81 1314
53 81 1236
53 86 1536
53 81 1350
53 81 1284
53 81 1266
53 81 1290
53 81 1266
53 81 1332
53 103 1890
53 97 1554
53 81 1308
53 81 1326
53 81 1230
53 81 1248
53 81 1272
53 81 1338
53 81 1230
53 81 1326
53 81 1272
53 81 1344
53 97 1734
53 81 1242
53 81 1326
53 81 1272
53 81 1242
53 81 1266
53 81 1224
53 81 1290
53 199 4392
53 81 1290
53 81 1284
53 87 1362
53 81 1314
53 81 1284
53 81 1266
53 81 1272
53 81 1236
53 81 1302
53 89 1554
53 81 1224
53 81 1218
53 81 1248
53 81 1290
53 81 1296
53 81 1290
53 89 1488
53 81 1254
53 81 1356
53 81 1302
53 81 1362
53 92 1500
53 81 1260
53 81 1272
53 81 1236
53 113 2100
53 81 1242
53 81 1290
53 81 1332
53 81 1254
53 81 1266
53 81 1320
53 112 1908
53 94 1518
53 111 2130
53 90 1668
53 170 3594
53 81 1254
53 81 1356
53 81 1260
53 81 1230
53 81 1392
53 81 1284
53 84 1398
53 81 1290
53 89 1410
53 81 1254
53 81 1308
53 81 1260
53 81 1278
53 81 1242
53 118 2034
53 81 1278
53 90 1476
53 81 1320
53 81 1272
53 81 1254
53 81 1278
53 81 1308
53 93 1560
53 158 2982
53 81 1230
53 103 1914
53 81 1266
53 81 1350
53 81 1272
53 81 1254
53 81 1230
53 81 1194
53 81 1242
53 81 1170
53 81 1266
53 81 1296
53 81 1278
53 87 1428
53 81 1194
53 81 1320
53 81 1296
53 81 1314
53 81 1362
53 169 3342
53 81 1314
53 147 2850
53 81 1290
53 81 1236
53 83 1422
53 81 1212
53 81 1344
53 81 1194
53 81 1368
53 81 1254
53 85 1416
53 99 1692
53 150 3072
53 81 1290
53 81 1224
53 115 2064
53 81 1290
53 81 1158
53 81 1188
53 81 1260
53 81 1344
53 81 1272
53 81 1224
53 98 1752
53 81 1284
53 81 1320
53 81 1284
53 96 1644
53 117 2106
53 81 1338
53 81 1278
53 112 2130
53 81 1272
53 81 1236
53 81 1224
53 104 1950
53 119 2142
53 151 2430
53 81 1314
53 81 1308
53 104 1896
53 100 1728
53 81 1302
53 81 1392
53 81 1224
53 81 1296
53 81 1266
53 81 1290
53 81 1302
53 81 1278
53 81 1260
53 81 1290
53 149 2970
53 81 1338
53 106 1716
53 81 1314
53 81 1326
53 81 1308
53 81 1272
53 81 1302
53 81 1206
53 91 1428
53 81 1302
53 101 1674
53 81 1248
53 95 1506
53 81 1332
53 81 1296
53 152 2820
53 81 1224
53 81 1314
53 81 1296
53 81 1248
53 81 1218
53 106 1902
53 81 1278
53 81 1236
53 103 1698
53 99 1662
53 81 1302
53 81 1332
53 81 1278
53 81 1356
53 81 1248
53 81 1302
53 81 1278
53 81 1272
53 81 1302
53 81 1236
53 81 1302
53 130 2490
53 81 1332
53 81 1344
53 81 1290
53 162 3264
53 81 1230
53 81 1350
53 81 1230
53 118 2232
53 87 1404
53 92 1500
53 89 1494
53 81 1260
53 81 1236
53 158 3060
53 109 1980
53 81 1284
53 87 1524
53 112 1866
53 81 1278
53 81 1362
53 81 1224
53 81 1302
53 81 1278
53 81 1308
53 81 1236
53 81 1278
53 81 1380
53 81 1272
53 81 1278
53 81 1314
53 81 1314
53 103 1968
53 81 1242
53 81 1284
53 81 1326
53 81 1290
