54 81 1356
54 81 1320
54 97 1620
54 81 1338
54 94 1566
54 81 1314
54 81 1314
54 81 1338
54 81 1368
54 81 1266
54 95 1728
54 81 1350
54 81 1284
54 81 1404
54 99 1752
54 101 1590
54 81 1248
54 81 1314
54 81 1380
54 81 1284
54 81 1326
54 88 1476
54 81 1338
54 83 1464
54 81 1320
54 147 2880
54 81 1344
54 81 1290
54 95 1608
54 81 1416
54 111 1938
54 81 1368
54 81 1350
54 109 2064
54 81 1296
54 81 1350
54 81 1380
54 114 2142
54 81 1410
54 106 1950
54 81 1362
54 81 1338
54 81 1314
54 88 1620
54 81 1362
54 81 1326
54 104 1944
54 86 1458
54 81 1350
54 81 1314
54 87 1440
54 81 1356
54 81 1284
54 93 1578
54 81 1290
54 81 1272
54 81 1320
54 102 1788
54 81 1314
54 99 1722
54 81 1296
54 81 1284
54 101 1884
54 81 1434
54 103 1896
54 81 1356
54 90 1632
54 81 1290
54 91 1560
54 81 1368
54 130 2274
54 91 1386
54 81 1392
54 81 1284
54 81 1350
54 87 1506
54 126 2424
54 97 1884
54 156 3462
54 81 1296
54 81 1272
54 90 1668
54 154 3222
54 99 1746
54 81 1338
54 81 1284
54 81 1296
54 81 1380
54 81 1332
54 81 1320
54 81 1266
54 81 1260
54 106 1776
54 81 1332
54 92 1638
54 91 1476
54 91 1596
54 81 1308
54 81 1236
54 81 1338
54 81 1236
54 113 2172
54 91 1572
54 81 1362
54 81 1344
54 81 1422
54 81 1332
54 101 1800
54 90 1524
54 81 1386
54 108 2034
54 81 1350
54 234 4734
54 81 1326
54 81 1308
54 85 1344
54 81 1314
54 81 1296
54 81 1338
54 81 1326
54 81 1254
54 81 1320
54 102 1842
54 81 1344
54 130 2394
54 133 2628
54 128 2502
54 81 1260
54 92 1512
54 99 1986
54 109 2034
54 88 1470
54 81 1296
54 81 1386
54 96 1632
54 156 2916
54 81 1254
54 81 1332
54 81 1326
54 114 2148
54 104 2022
54 81 1362
54 203 4932
54 113 2244
54 81 1248
54 81 1386
54 109 2034
54 81 1338
54 100 1716
54 81 1266
54 128 2214
54 81 1242
54 86 1404
54 81 1344
54 87 1518
54 93 1518
54 81 1362
54 90 1632
54 107 1848
54 130 2448
54 109 1866
54 81 1284
54 99 1566
54 116 2046
54 81 1302
54 96 1662
54 97 1710
54 121 2244
54 81 1332
54 95 1578
54 81 1260
54 81 1440
54 92 1650
54 81 1332
54 92 1608
54 81 1296
54 140 2586
54 81 1320
54 147 3240
54 81 1344
54 81 1326
54 125 2394
54 81 1338
54 81 1296
54 81 1338
54 87 1452
54 115 2166
54 81 1332
54 81 1344
54 81 1260
54 81 1332
54 81 1326
54 81 1398
54 81 1368
54 81 1356
54 91 1560
54 94 1722
54 81 1362
54 81 1374
54 84 1356
54 81 1326
54 81 1302
54 81 1314
54 81 1386
54 81 1290
54 81 1230
54 81 1296
54 81 1356
54 81 1302
54 81 1308
54 81 1218
54 81 1392
54 81 1332
54 100 1638
54 81 1344
54 108 1998
54 81 1332
54 81 1242
54 81 1368
54 81 1344
54 98 1806
54 81 1320
54 81 1326
54 81 1302
54 81 1386
54 81 1302
54 81 1260
54 113 2094
54 81 1350
54 81 1338
54 81 1338
54 97 1710
54 98 1662
54 143 2886
54 159 3558
54 81 1320
54 166 3738
54 115 2052
54 94 1608
54 81 1434
54 81 1278
54 81 1380
54 93 1614
54 81 1314
54 81 1362
54 81 1350
54 102 1728
54 107 1758
54 81 1344
54 92 1638
54 81 1254
54 81 1272
54 81 1290
54 94 1506
54 111 1998
54 95 1542
54 81 1320
54 81 1290
54 81 1332
54 81 1296
54 81 1386
54 89 1656
54 81 1356
54 123 2274
54 81 1302
54 81 1284
54 87 1482
54 88 1464
54 123 2430
54 81 1296
54 81 1356
54 85 1422
54 81 1320
54 81 1332
54 81 1314
54 110 2022
54 109 1956
54 81 1284
54 81 1392
54 81 1296
54 81 1392
54 81 1308
54 81 1392
54 111 1998
54 81 1338
54 92 1644
54 121 2376
54 81 1284
54 118 2106
54 102 1998
54 91 1602
54 85 1476
54 81 1314
54 81 1314
54 109 2088
54 81 1272
54 81 1284
54 118 2232
54 169 3678
54 81 1254
54 87 1578
54 81 1308
54 107 1872
54 147 2574
54 104 1728
54 214 4374
54 81 1302
54 81 1374
54 81 1338
54 117 2160
54 81 1314
54 81 1332
54 81 1296
54 100 1758
54 259 5700
54 99 1686
54 86 1560
54 133 2664
54 81 1338
54 81 1308
54 81 1356
54 81 1326
54 81 1344
54 129 2544
54 81 1374
54 81 1344
54 81 1350
54 81 1386
54 81 1302
54 81 1344
54 103 1794
54 102 1854
54 81 1272
54 81 1308
54 152 2898
54 81 1308
54 81 1356
54 81 1320
54 81 1278
54 81 1302
54 269 5400
54 81 1296
54 115 2184
54 81 1344
54 103 1806
54 81 1374
54 81 1332
54 81 1278
54 81 1338
54 81 1326
54 81 1308
54 81 1356
54 81 1290
54 81 1344
54 81 1278
54 81 1326
54 85 1458
54 81 1386
54 132 2640
54 81 1320
54 81 1308
54 85 1500
54 81 1308
54 81 1278
54 148 3012
54 101 1794
54 168 3414
54 81 1338
54 81 1374
54 81 1398
54 85 1356
54 101 1848
54 81 1224
54 81 1242
54 100 1716
54 109 2118
54 96 1818
54 81 1350
54 81 1296
54 81 1302
54 81 1308
54 137 2760
54 81 1344
54 81 1332
54 81 1278
54 90 1602
54 81 1272
54 81 1386
54 81 1320
54 92 1716
54 109 1944
54 81 1290
54 173 3624
54 81 1326
54 81 1356
54 81 1296
54 81 1410
54 81 1446
54 81 1320
54 81 1308
54 81 1302
54 98 1932
54 150 2802
54 111 1866
54 81 1278
54 81 1386
54 81 1308
54 81 1320
54 81 1362
54 81 1392
54 81 1254
54 81 1326
54 138 2640
54 153 3186
54 81 1302
54 81 1302
54 151 3144
54 104 2058
54 81 1392
54 95 1668
54 81 1326
54 81 1350
54 155 2568
54 81 1302
54 81 1320
54 88 1524
54 81 1290
54 91 1584
54 81 1278
54 81 1278
54 93 1752
54 90 1500
54 81 1338
54 81 1398
54 89 1446
54 81 1344
54 133 3000
54 107 1866
54 81 1260
54 81 1260
54 98 1626
54 81 1272
54 81 1386
54 81 1314
54 81 1320
54 135 2670
54 104 1800
54 109 2058
54 102 1872
54 112 1986
54 127 2292
54 81 1320
54 81 1278
54 112 2040
54 84 1302
54 81 1386
54 101 1716
54 81 1356
54 93 1674
54 81 1326
54 81 1452
54 81 1320
54 81 1290
54 81 1290
54 90 1530
54 81 1212
54 112 2046
54 102 1740
54 81 1332
54 81 1308
54 81 1332
54 81 1344
54 90 1536
54 81 1212
54 81 1344
54 81 1344
54 97 1596
54 81 1314
54 82 1410
54 81 1284
54 81 1404
54 81 1266
54 81 1260
54 81 1266
54 81 1278
54 81 1290
54 97 1632
54 81 1338
54 81 1332
54 92 1716
54 92 1536
54 81 1344
54 81 1290
54 95 1656
54 94 1620
54 81 1296
54 81 1368
54 81 1344
54 81 1290
54 96 1704
54 81 1386
54 81 1284
54 81 1410
54 81 1236
54 93 1488
54 81 1392
54 93 1602
54 113 1932
54 81 1320
54 104 1950
54 81 1278
54 81 1308
54 107 1848
54 81 1284
54 81 1314
54 93 1536
54 81 1290
54 103 1920
54 81 1338
54 86 1452
54 86 1494
54 90 1698
54 94 1530
54 81 1332
54 81 1362
54 81 1254
54 95 1656
54 81 1368
54 81 1332
54 81 1386
54 81 1284
54 81 1356
54 81 1332
54 81 1332
54 81 1314
54 112 2106
54 81 1338
54 81 1308
54 90 1758
54 81 1314
54 131 2532
54 81 1260
54 81 1350
54 126 2316
54 81 1194
54 84 1452
54 81 1314
54 81 1344
54 115 2178
54 81 1266
54 88 1410
54 81 1344
54 166 3516
54 81 1278
54 81 1350
54 81 1338
54 81 1368
54 100 1674
54 81 1284
54 81 1296
54 81 1392
54 127 2148
54 81 1326
54 131 2466
54 81 1290
54 81 1296
54 81 1320
54 139 2934
54 81 1356
54 135 2514
54 89 1488
54 95 1554
54 101 1782
54 116 1884
54 81 1332
54 81 1266
54 81 1356
54 104 1800
54 158 3192
54 81 1320
54 81 1326
54 113 1974
54 108 1782
54 81 1374
54 81 1326
54 81 1320
54 81 1302
54 81 1326
54 118 2094
54 127 2520
54 81 1272
54 124 2418
54 81 1350
54 81 1350
54 81 1260
54 81 1314
54 81 486
54 81 1350
54 108 1884
54 81 1314
54 81 1326
54 81 1362
54 113 2100
54 81 1260
54 81 1332
54 81 1308
54 92 1596
54 81 1260
54 88 1464
54 81 1320
54 81 1362
54 81 1302
54 81 1374
54 81 1332
54 91 1650
54 81 1398
54 85 1554
54 87 1440
54 81 1302
54 81 1296
54 81 1296
54 88 1512
54 260 5328
54 117 2232
54 88 1542
54 112 2100
54 111 1998
54 107 1788
54 81 1326
54 81 1314
54 99 1902
54 143 2460
54 81 1308
54 81 1242
54 91 1530
54 81 1380
54 81 1362
54 81 1380
54 81 1308
54 115 2214
54 81 1350
54 81 1338
54 204 4074
54 100 1890
54 81 1254
54 92 1698
54 81 1314
54 81 1326
54 91 1572
54 81 1326
54 81 1344
54 81 1332
54 81 1392
54 81 1254
54 81 1272
54 124 2304
54 81 1284
54 81 1344
54 81 1386
54 81 1332
54 119 2178
54 129 2460
54 96 1638
54 81 1356
54 81 1302
54 81 1422
54 141 2622
54 99 1680
54 81 1422
54 81 1404
54 81 1320
54 406 7536
54 83 1446
54 122 2298
54 81 1344
54 112 1986
54 81 1356
54 81 1272
54 81 1272
54 152 3120
54 81 1320
54 81 1398
54 81 1272
54 81 1332
54 81 1290
54 81 1332
54 81 1428
54 136 2910
54 81 1350
54 81 1326
54 81 1410
54 81 1356
54 81 1326
54 81 1338
54 81 1320
54 81 1320
54 81 1356
54 81 1314
54 121 2142
54 81 1374
54 81 1326
54 81 1404
54 123 2340
54 88 1530
54 98 1740
54 81 1332
54 108 2034
54 236 5568
54 130 2898
54 81 1332
54 81 1296
54 81 1320
54 90 1590
54 109 2154
54 161 3192
54 81 1338
54 81 1362
54 140 3114
54 81 1332
54 81 1272
54 81 1272
54 81 1308
54 100 1788
54 81 1410
54 81 1308
54 97 1650
54 100 1890
54 81 1320
54 81 1332
54 133 2634
54 81 1302
54 81 1212
54 110 2040
54 81 1326
54 81 1308
54 104 1728
54 130 2382
54 81 1410
54 81 1332
54 92 1518
54 123 2484
54 81 1296
54 119 2184
54 196 3660
54 81 1272
54 81 1368
54 81 1344
54 81 1302
54 81 1290
54 81 1224
54 90 1560
54 81 1296
54 110 1872
54 81 1362
54 88 1524
54 105 1830
54 81 1284
54 81 1458
54 81 1284
54 81 1266
54 92 1578
54 81 1290
54 81 1410
54 90 1518
54 81 1356
54 81 1302
54 81 1278
54 81 1350
54 81 1260
54 81 1362
54 81 1338
54 81 1284
54 81 1362
54 81 1338
54 81 1350
54 109 1980
54 95 1656
54 81 1308
54 108 1938
54 143 2670
54 81 1290
54 81 1320
54 226 5130
54 81 1188
54 81 1266
54 81 1308
54 81 1302
54 122 2226
54 105 1746
54 143 2772
54 81 1386
54 81 1254
54 81 1296
54 81 1314
54 115 2172
54 81 1308
54 81 1302
54 81 1284
54 92 1620
54 108 1872
54 81 1302
54 94 1704
54 95 1548
54 103 1830
54 81 1398
54 102 1866
54 81 1254
54 81 1356
54 81 1290
54 81 1344
54 88 1542
54 81 1308
54 167 3426
54 81 1260
54 81 1308
54 81 1290
54 81 1350
54 121 2268
54 81 1296
54 81 1332
54 93 1578
54 81 1272
54 96 1878
54 90 1464
54 98 1584
54 81 1308
54 88 1518
54 81 1314
54 81 1410
54 81 1296
54 158 3264
54 81 1266
54 81 1332
54 81 1368
54 81 1308
54 93 1716
54 86 1368
54 105 1974
54 95 1698
54 81 1272
54 117 2484
54 81 1380
54 81 1266
54 148 2676
54 81 1344
54 95 1602
54 81 1344
54 81 1356
54 103 1926
54 108 1896
54 94 1692
54 81 1332
54 81 1320
54 81 1332
54 120 2286
54 81 1350
54 81 1308
54 81 1272
54 81 1320
54 81 1326
54 81 1290
54 81 1290
54 81 1374
54 81 1254
54 81 1272
54 81 1434
54 113 1908
54 132 2700
54 81 1338
54 182 4008
54 88 1518
54 121 2160
54 81 1338
54 81 1308
54 81 1326
54 156 3072
54 169 3426
54 95 1734
54 81 1368
54 81 1332
54 99 1758
54 90 1644
54 81 1296
54 87 1422
54 81 1356
54 81 1284
54 111 2130
54 81 1338
54 81 1296
54 91 1770
54 81 1302
54 81 1320
54 89 1548
54 81 1302
54 105 1890
54 81 1302
54 81 1314
54 81 1368
54 109 2076
54 81 1230
54 95 1836
54 121 2100
54 102 1884
54 92 1734
54 81 1266
54 90 1650
54 81 1236
54 81 1272
54 91 1590
54 81 1344
54 109 2118
54 81 1362
54 81 1374
54 81 1302
54 81 1320
54 81 1344
54 81 1296
54 156 3228
54 81 1362
54 81 1308
54 110 1902
54 81 1338
54 111 1884
54 95 1638
54 197 4278
54 217 4002
54 98 1848
54 81 1332
54 81 1344
54 81 1308
54 108 1806
54 159 3036
54 81 1356
54 101 1902
54 93 1638
54 81 1368
54 81 1314
54 81 1182
54 81 1446
54 81 1314
54 97 1740
54 126 2220
54 81 1308
54 81 1278
54 81 1338
54 81 1296
54 81 1296
54 81 1386
54 81 1284
54 99 1644
54 100 1746
54 81 1344
54 139 2802
54 98 1788
54 134 2724
54 81 1290
54 81 1374
54 126 2682
54 90 1698
54 212 4212
54 81 1314
54 100 1782
54 81 1344
54 81 1392
54 91 1680
54 94 1704
54 81 1338
54 81 1248
54 81 1284
54 81 1368
54 81 1362
54 81 1362
54 81 1392
54 81 1338
54 81 1326
54 81 1278
54 81 1296
54 81 1344
54 81 1296
54 81 1350
54 81 1308
54 81 1290
54 81 1362
54 81 1320
54 128 2418
54 81 1314
54 95 1836
54 81 1284
54 100 1686
54 81 1332
54 103 2172
54 81 1296
54 81 1338
54 105 1740
54 96 1650
54 81 1350
54 107 2028
54 81 1302
54 81 1338
54 81 1452
